24 540
144 527
256 519
368 515
480 510
592 504
704 496
816 487
928 481
1044 476
1160 472
1272 463
1384 455
1496 449
1608 448
1724 440
1836 448
1948 455
2060 463
2176 472
2288 480
2404 481
2516 487
2628 496
2740 504
2852 508
2964 513
3076 519
3196 527
3308 536
3420 540
3532 536
3644 527
3756 519
3868 512
3980 508
4092 497
4212 492
4324 487
4436 480
4548 472
4660 465
4772 462
4884 455
4996 448
5108 448
5228 448
5340 449
5452 455
5564 463
5676 472
5788 480
5900 483
6012 492
6124 497
6244 504
6356 512
6468 515
6580 526
6692 527
6804 536
6920 540
7032 529
7144 526
7260 515
7372 510
7484 504
7600 496
7712 487
7824 481
7936 480
8048 472
8160 463
8276 455
8392 451
8504 448
8616 440
8728 448
8840 455
8952 462
9064 472
9176 476
9288 481
9404 487
9516 496
9628 504
9740 510
9852 513
9964 519
10076 526
10188 531
10300 536
10420 536
10532 527
10644 519
10756 513
10868 508
10980 499
11092 496
11204 487
11320 480
11436 473
11548 467
11660 462
11772 455
11884 448
12000 448
12112 448
12224 449
12336 455
12452 463
12564 472
12680 480
12792 483
12904 492
13016 496
13128 504
13240 510
13352 515
13472 524
13584 527
13696 536
13808 540
13920 531
14032 526
14144 519
14256 511
14368 504
14488 496
14600 487
14712 483
14824 480
14936 472
15048 463
15160 455
15272 451
15384 448
15504 440
15616 448
15728 451
15840 462
15952 467
16064 476
16176 480
16288 487
16400 496
16520 504
16632 508
16744 512
16856 519
16968 526
17080 531
17196 536
17308 536
17420 527
17536 519
17648 515
17760 508
17876 504
17988 496
18100 487
18212 480
18324 476
18436 472
18552 462
18668 455
18780 448
18892 448
19004 448
19116 448
19228 455
19340 463
19452 472
19572 480
19684 483
19796 487
19908 496
20020 504
20132 510
20244 515
20356 519
20468 527
20588 536
20700 542
20812 536
20924 526
21036 519
21148 511
21260 504
21372 497
21484 492
21604 483
21716 480
21828 472
21940 463
22052 455
22164 451
22276 448
22392 448
22504 448
22620 451
22732 460
22844 465
22956 472
23072 480
23184 487
23296 496
23408 504
23520 508
23636 513
23748 519
23864 526
23976 527
24088 536
24200 540
24312 527
24424 519
24536 515
24648 510
24764 504
24876 496
24988 487
25100 480
25212 476
25324 472
25436 463
25548 455
25660 449
25780 448
25892 440
26004 448
26116 455
26228 463
26340 472
26452 480
26564 481
26676 487
26796 496
26908 504
27020 510
27132 513
27244 519
27356 527
27468 536
27584 540
27696 536
27812 527
27924 519
28036 511
28148 504
28264 497
28376 494
28488 483
28600 480
28712 472
28828 465
28948 460
29060 451
29176 448
29292 441
29404 448
29516 451
29628 460
29740 463
29852 472
29964 480
30076 487
30196 496
30308 499
30420 508
30532 512
30644 519
30756 526
30868 527
30980 536
31092 540
31212 527
31324 519
31436 513
31548 508
31660 504
31772 496
31884 487
31996 480
32108 476
32228 472
32340 463
32452 455
32564 449
32676 448
32788 440
32900 448
33012 455
33128 463
33244 472
33356 480
33468 483
33580 487
33692 496
33808 504
33920 510
34032 515
34144 519
34260 527
34372 536
34488 540
34600 536
34712 527
34824 519
34936 512
35048 508
35160 497
35280 492
35392 483
35504 480
35616 472
35728 463
35840 460
35952 455
36064 448
36176 448
36296 448
36408 451
36520 455
36632 463
36744 472
36856 480
36968 487
37080 492
37192 504
37312 504
37424 512
37536 519
37648 524
37760 527
37872 536
37984 540
38096 527
38208 524
38328 515
38440 510
38552 504
38664 496
38776 487
38888 481
39004 480
39116 472
39228 463
39340 455
39456 451
39568 448
39684 440
39796 448
39908 455
40020 463
40132 472
40244 476
40356 481
40476 487
40588 496
40700 504
40812 510
40924 513
41036 519
41148 527
41260 536
41372 540
41492 536
41604 527
41716 519
41828 512
41940 508
42052 499
42164 496
42276 487
42388 480
42508 472
42620 465
42732 462
42844 455
42956 448
43068 448
43180 448
43292 449
43404 455
43524 463
43636 472
43748 480
43860 483
43972 492
44084 497
44200 504
44312 511
44424 515
44540 524
44652 527
44764 536
44880 540
44992 536
45104 524
45216 519
45328 511
45440 504
45556 496
45672 487
45784 481
45896 480
46008 472
46120 463
46232 455
46344 451
46456 448
46576 440
46688 448
46800 455
46912 462
47024 467
47136 476
47248 480
47360 487
47472 496
47592 504
47704 508
47816 513
47928 519
48040 527
48152 536
48264 537
48376 536
48488 527
48608 519
48720 513
48832 508
48944 504
49056 496
49168 487
49280 480
49392 472
49508 465
49624 462
49736 455
49848 448
49960 448
50072 448
50188 449
50300 455
50412 463
50524 472
50640 480
50752 483
50868 492
50980 496
51092 504
51204 511
51316 515
51428 519
51540 527
51660 536
51772 540
51884 531
51996 526
52108 519
52220 511
52332 504
52444 496
52556 487
52676 483
52788 480
52900 472
53012 463
53124 455
53236 451
53348 448
53460 440
53572 448
53692 451
53804 460
53916 465
54028 473
54140 480
54252 487
54364 496
54476 504
54588 508
54704 512
54820 519
54932 526
55044 531
55156 536
55268 536
55384 527
55496 519
55608 513
55720 508
55836 504
55948 496
56060 487
56172 480
56284 476
56396 472
56508 463
56620 455
56732 449
56852 448
56964 448
57076 449
57188 455
57300 463
57412 472
57524 480
57636 483
57752 487
57864 496
57976 504
58088 510
58200 515
58320 519
58432 527
58544 536
58656 540
58768 536
58880 527
58992 519
59104 512
59216 504
59336 497
59448 492
59560 483
59672 480
59784 472
59896 463
60012 460
60124 451
60236 448
60352 441
60464 448
60576 451
60692 460
60804 463
60916 472
61028 480
61140 487
61252 496
61368 504
61484 508
61596 512
61708 519
61820 524
61932 527
62044 536
62156 536
62268 527
62388 519
62500 513
62612 510
62724 504
62836 496
62948 487
63060 481
63172 476
63284 472
63404 463
63516 455
63628 449
63740 448
63852 440
63964 448
64076 455
64188 463
64300 472
64420 480
64532 481
64644 487
64756 496
64868 504
64980 510
65092 513
65208 519
65320 527
65436 536
65548 540
65660 536
65772 527
65888 519
66000 512
66112 508
66224 497
66336 492
66452 483
66568 480
66680 472
66792 463
66904 462
67016 455
67128 448
67240 448
67352 448
67472 451
67584 455
67696 463
67808 472
67920 480
68032 483
68144 494
68256 499
68368 504
68488 512
68600 519
68712 524
68824 527
68936 536
69048 540
69160 529
69272 524
69384 515
69504 510
69616 504
69728 496
69840 487
69952 483
70064 480
70176 472
70288 463
70404 455
70520 451
70632 448
70744 440
70856 448
70968 455
71084 462
71196 472
71308 480
71420 481
71536 487
71648 496
71764 504
71876 508
71988 513
72100 519
72212 527
72324 531
72436 540
72548 536
72664 527
72776 519
72888 513
73000 508
73112 499
73224 494
73336 487
73448 480
73560 473
73680 467
73792 462
73904 455
74016 448
74128 448
74240 448
74356 449
74468 455
74580 463
74696 472
74808 480
74920 483
75036 492
75148 497
75260 504
75372 511
75484 515
75596 519
75712 527
75828 536
75940 540
76052 531
76164 526
76276 515
76388 511
76500 504
76612 496
76732 487
76844 481
76956 480
77068 472
77180 463
77292 455
77404 451
77516 448
77628 440
77748 448
77860 451
77972 462
78084 467
78196 476
78308 480
78420 487
78532 496
78644 504
78764 508
78876 513
78988 519
79100 526
79212 531
79324 536
79436 536
79552 527
79664 519
79780 512
79892 508
80004 504
80116 496
80232 487
80344 480
80456 473
80568 467
80680 463
80796 455
80912 448
81024 448
81136 448
81248 449
81360 455
81472 463
81584 472
81696 480
81816 483
81928 492
82040 496
82152 504
82264 511
82376 515
82488 519
82600 527
82712 536
82832 540
82944 536
83056 527
83168 519
83280 511
83392 504
83504 496
83616 492
83728 483
83848 480
83960 472
84072 463
84184 455
84296 451
84408 448
84520 440
84632 448
84748 451
84864 462
84976 467
85088 476
85200 480
85312 487
85428 496
85540 504
85652 508
85764 513
85880 519
85992 527
86108 529
86220 536
86332 536
86444 527
86556 524
86668 513
86784 508
86896 504
87008 496
87120 487
87236 480
87352 476
87464 472
87576 463
87688 455
87800 449
87912 448
88024 448
88140 448
88252 455
88364 463
88480 472
88592 480
88704 483
88816 492
88932 496
89044 504
89156 510
89268 515
89380 519
89496 527
89612 536
89724 540
89836 536
89948 527
90060 519
90172 512
90284 504
90396 497
90516 492
90628 483
90740 480
90852 472
90964 465
91076 460
91188 451
91300 448
91412 441
91532 448
91644 451
91756 462
91868 465
91980 472
92092 480
92204 487
92316 496
92428 504
92548 508
92660 512
92772 519
92884 526
92996 527
93108 536
93220 536
93332 527
93448 524
93564 513
93676 510
93788 504
93900 496
94012 487
94128 480
94240 476
94352 472
94464 463
94580 455
94692 449
94808 448
94920 440
95032 448
95144 455
95256 463
95368 472
95480 480
95600 483
95712 487
95824 496
95936 504
96048 510
96160 513
96272 519
96384 527
96496 536
96616 540
96728 536
96840 527
96952 519
97064 512
97176 508
97288 497
97400 492
97512 483
97632 480
97744 472
97856 463
97968 460
98080 451
98192 448
98304 448
98416 448
98528 451
98648 460
98760 463
98872 472
98984 480
99096 483
99208 494
99324 497
99436 508
99548 512
99664 519
99776 526
99888 529
100004 536
100116 540
100228 531
100340 524
100452 515
100564 510
100680 504
100796 496
100908 487
101020 483
101132 480
101244 472
101356 463
101468 455
101580 451
101700 448
101812 441
101924 448
102036 455
102148 463
102260 472
102372 480
102484 481
102596 487
102716 496
102828 504
102940 510
103052 513
103164 519
103276 527
103388 536
103500 540
103612 536
103724 527
103844 519
103956 512
104068 508
104180 499
104292 494
104404 487
104520 480
104632 476
104744 465
104860 462
104972 455
105084 448
105196 448
105308 448
105420 449
105532 455
105644 463
105756 472
105876 480
105988 483
106100 492
106212 497
106324 504
106436 512
106548 515
106660 519
106772 527
106892 536
107004 540
107116 531
107228 526
107340 515
107452 511
107564 504
107680 496
107792 487
107908 483
108020 480
108132 472
108244 463
108360 455
108472 451
108584 448
108696 440
108808 448
108924 455
109040 462
109152 467
109264 476
109376 480
109488 487
109600 496
109712 504
109824 508
109944 513
110056 519
110168 527
110280 536
110392 536
110504 536
110616 527
110728 519
110840 515
110960 508
111072 504
111184 494
111296 487
111408 480
111520 476
111632 472
111744 462
111856 455
111976 448
112088 448
112200 448
112312 449
112424 455
112536 463
112648 472
112760 480
112876 483
112992 492
113104 496
113216 504
113328 511
113440 515
113552 519
113668 527
113780 536
113892 542
114008 536
114120 526
114232 519
114348 511
114460 504
114572 496
114684 492
114796 483
114908 480
115024 472
115140 463
115252 455
115364 451
115476 448
115588 440
115700 448
115812 451
115924 462
116040 465
116152 473
116264 480
116376 487
116488 496
116600 504
116716 508
116832 512
116944 519
117056 526
117168 529
117280 536
117392 536
117504 527
117616 524
117736 513
117848 508
117960 504
118072 496
118184 487
118296 481
118408 476
118520 472
118632 463
118744 455
118864 449
118976 448
119088 448
119200 448
119312 455
119424 463
119536 472
119648 480
119760 483
119880 487
119992 497
120104 504
120216 510
120328 515
120440 519
120552 527
120664 536
120776 540
120896 536
121008 527
121120 519
121232 512
121344 504
121456 497
121568 492
121680 483
121796 480
121912 472
122024 463
122136 460
122248 451
122360 448
122476 448
122588 448
122700 451
122812 455
122928 463
123040 472
123156 480
123268 487
123380 496
123492 504
123604 508
123716 512
123828 519
123948 526
124060 529
124172 536
124284 540
124396 527
124508 524
124620 515
124732 510
124844 504
124964 496
125076 487
125188 481
125300 476
125412 472
125524 463
125636 455
125748 449
125860 448
125980 440
126092 448
126204 455
126316 463
126428 472
126540 480
126652 481
126764 487
126876 496
126996 504
127108 510
127220 513
127332 519
127444 527
127556 536
127672 540
127784 536
127896 527
128012 519
128124 512
128236 508
128352 497
128464 492
128576 487
128688 480
128800 476
128912 465
129028 462
129144 455
129256 448
129368 448
129480 448
129592 451
129704 455
129816 463
129928 472
130048 480
130160 487
130272 492
130384 497
130496 504
130608 511
130720 519
130832 524
130944 527
131064 536
131176 540
131288 529
131400 524
131512 515
131624 510
131736 504
131848 496
131960 487
132080 481
132192 480
132304 472
132416 463
132528 455
132640 451
132752 448
132868 440
132980 448
133096 455
133208 463
133320 472
133432 476
133548 481
133660 487
133772 496
133884 504
133996 508
134112 513
134228 519
134340 527
134452 536
134564 540
134676 536
134788 527
134900 519
135012 512
135124 508
135240 499
135352 494
135464 487
135576 480
135688 476
135800 467
135912 462
136024 455
136136 448
136256 448
136368 448
136480 451
136592 455
136704 463
136816 472
136928 480
137040 483
137156 492
137272 497
137384 504
137496 511
137608 515
137720 524
137832 527
137948 536
138060 542
138172 531
138288 526
138400 519
138512 511
138624 504
138740 496
138852 487
138964 483
139076 480
139188 472
139304 463
139420 455
139532 451
139644 448
139756 440
139868 448
139980 451
140092 462
140204 467
140324 476
140436 480
140548 487
140660 496
140772 504
140884 508
140996 512
141108 519
141220 526
141340 531
141452 536
141564 536
141676 527
141788 519
141900 513
142012 508
142124 504
142236 496
142356 487
142468 480
142580 476
142692 472
142804 463
142916 455
143028 449
143140 448
143256 448
143372 449
143484 455
143596 463
143708 472
143820 480
143936 483
144048 492
144160 496
144272 504
144388 511
144500 515
144616 519
144728 527
144840 536
144952 540
145064 536
145176 526
145288 519
145408 511
145520 504
145632 496
145744 487
145856 483
145968 480
146080 472
146192 463
146304 455
146424 451
146536 448
146648 440
146760 448
146872 451
146984 460
147096 465
147208 476
147320 480
147440 487
147552 496
147664 504
147776 508
147888 512
148000 519
148116 526
148228 531
148340 536
148456 536
148568 527
148680 519
148796 515
148908 508
149020 504
149132 496
149244 487
149356 481
149472 476
149588 472
149700 463
149812 455
149924 449
150036 448
150148 448
150260 448
150372 455
150492 463
150604 472
150716 480
150828 483
150940 487
151052 496
151164 504
151276 510
151388 513
151500 519
151620 527
151732 536
151844 540
151956 536
152068 527
152180 519
152292 512
152404 504
152516 497
152636 492
152748 483
152860 480
152972 472
153084 463
153196 460
153312 455
153424 448
153536 448
153652 448
153764 451
153876 460
153992 463
154104 472
154216 480
154328 487
154440 494
154552 504
154668 508
154784 512
154896 519
155008 526
155120 527
155232 536
155344 540
155456 527
155568 524
155688 515
155800 510
155912 504
156024 496
156136 487
156248 481
156360 480
156472 472
156584 463
156704 455
156816 449
156928 448
157040 440
157152 448
157264 455
157376 463
157488 472
157600 480
157720 483
157832 487
157944 496
158056 504
158168 510
158280 513
158392 519
158508 527
158620 536
158736 540
158848 536
158960 527
159072 519
159188 512
159300 508
159412 497
159524 494
159636 487
159752 480
159864 472
159980 465
160092 462
160204 455
160316 448
160428 448
160540 448
160652 449
160772 455
160884 463
160996 472
161108 480
161220 483
161332 492
161444 497
161556 508
161668 511
161788 519
161900 524
162012 527
162124 536
162236 540
162348 527
162460 524
162572 515
162684 510
162804 504
162916 496
163028 487
163140 481
163252 480
163364 472
163476 463
163588 455
163700 451
163820 448
163932 440
164044 448
164156 455
164268 463
164380 472
164496 476
164608 481
164720 487
164836 496
164948 504
165060 508
165176 513
165288 519
165400 527
165512 536
165624 540
165736 536
165852 527
165968 519
166080 513
166192 508
166304 504
166416 494
166528 487
166640 480
166752 476
166864 465
166984 463
167096 455
167208 448
167320 448
167432 448
167544 449
167656 455
167768 463
167880 472
168000 480
168112 483
168224 492
168336 497
168448 504
168560 511
168672 515
168784 519
168896 527
169016 536
169128 540
169240 531
169352 526
169464 519
169576 511
169692 504
169804 496
169916 487
170032 483
170144 480
170256 472
170372 463
170484 455
170596 451
170708 448
170820 440
170932 448
171048 455
171164 462
171276 467
171388 476
171500 480
171612 487
171724 496
171836 504
171948 508
172068 513
172180 519
172292 526
172404 531
172516 540
172628 536
172740 527
172852 519
172964 513
173084 508
173196 504
173308 496
173420 487
