20 856
132 831
252 824
364 816
476 799
588 792
700 780
812 768
924 768
1036 743
1148 736
1268 728
1380 711
1492 704
1604 696
1716 686
1828 671
1940 664
2056 655
2168 639
2284 638
2396 632
2508 620
2620 609
2736 604
2848 591
2960 583
3072 575
3184 569
3300 561
3416 551
3528 543
3640 540
3752 531
3864 524
3976 519
4088 510
4200 504
4320 496
4432 487
4544 481
4656 480
4768 472
4880 463
4992 455
5104 449
5216 448
5336 440
5448 432
5560 428
5672 423
5784 415
5896 412
6008 408
6120 399
6232 396
6344 391
6464 384
6576 384
6688 384
6800 369
6912 368
7024 359
7136 355
7252 352
7364 352
7480 344
7592 339
7704 335
7816 327
7928 327
8040 319
8152 319
8264 316
8376 312
8496 312
8608 304
8720 304
8832 295
8944 295
9056 287
9172 287
9284 284
9396 280
9512 280
9624 271
9736 271
9852 255
9964 255
10076 255
10188 255
10300 255
10412 254
10528 252
10644 248
10756 248
10868 241
10980 240
11092 238
11204 231
11316 231
11428 227
11548 225
11660 224
11772 224
11884 220
11996 216
12108 216
12220 216
12332 209
12444 207
12564 207
12676 206
12788 199
12900 199
13012 199
13124 195
13236 193
13348 192
13460 192
13580 192
13692 192
13804 188
13916 184
14028 184
14140 184
14252 179
14368 176
14480 176
14596 176
14708 174
14820 167
14932 167
15048 167
15160 167
15272 163
15384 163
15496 159
15612 159
15724 159
15840 159
15952 158
16064 156
16176 156
16288 153
16400 152
16512 152
16632 152
16744 152
16856 147
16968 143
17080 143
17192 143
17304 143
17416 142
17528 142
17648 140
17760 135
17872 135
17984 135
18096 135
18208 135
18320 127
18432 127
18544 127
18664 127
18776 127
18888 127
19000 127
19112 127
19224 127
19336 127
19448 127
19560 126
19680 126
19792 127
19904 142
20016 152
20128 159
20240 176
20356 188
20468 199
20580 207
20696 224
20808 231
20920 241
21036 254
21148 255
21260 271
21372 284
21484 291
21596 304
21712 312
21828 319
21940 327
22052 339
22164 352
22276 355
22388 368
22500 376
22612 384
22724 391
22840 399
22952 408
23064 415
23176 423
23288 432
23400 440
23512 448
23624 451
23736 455
23856 465
23968 472
24080 480
24192 487
24304 494
24416 499
24528 508
24640 512
24756 519
24872 526
24984 531
25096 536
25208 542
25320 543
25436 551
25548 560
25660 568
25772 569
25888 575
26000 575
26116 583
26228 590
26340 593
26452 600
26564 608
26676 608
26788 611
26908 620
27020 624
27132 632
27244 632
27356 636
27468 639
27580 639
27692 639
27804 654
27924 655
28036 664
28148 664
28260 668
28372 671
28484 671
28596 679
28708 679
28820 688
28936 688
29056 696
29168 696
29280 704
29392 704
29504 704
29616 707
29728 711
29840 716
29952 718
30072 719
30184 723
30296 728
30408 728
30520 736
30632 736
30744 736
30856 737
30968 739
31088 743
31200 743
31312 752
31424 768
31536 768
31648 768
31764 768
31876 768
31988 768
32104 768
32216 768
32328 769
32444 769
32556 771
32668 775
32780 775
32892 775
33004 782
33120 783
33236 783
33348 783
33460 792
33572 792
33684 792
33796 792
33908 796
34020 798
34140 799
34252 799
34364 799
34476 799
34588 799
34700 803
34812 807
34924 807
35036 812
35156 812
35268 816
35380 816
35492 816
35604 816
35716 817
35828 824
35940 824
36052 824
36172 824
36284 824
36396 828
36508 828
36620 828
36732 830
36844 831
36960 831
37072 831
37188 831
37300 831
37412 831
37524 831
37640 831
37752 839
37864 839
37976 839
38088 839
38204 839
38320 844
38432 844
38544 846
38656 846
38768 847
38880 847
38992 847
39104 847
39224 847
39336 856
39448 856
39560 856
39672 856
39784 856
39896 847
40008 831
40120 824
40240 816
40352 799
40464 792
40576 775
40688 768
40800 768
40912 743
41024 736
41136 728
41248 711
41368 704
41480 696
41592 684
41704 671
41816 664
41928 655
42040 639
42156 638
42268 632
42384 620
42496 609
42608 601
42720 591
42832 583
42944 575
43056 569
43168 560
43280 551
43400 543
43512 540
43624 527
43736 524
43848 515
43960 510
44076 504
44188 496
44300 487
44416 481
44528 476
44640 472
44756 463
44868 455
44980 451
45092 448
45204 440
45316 432
45432 428
45548 419
45660 415
45772 412
45884 408
45996 399
46108 391
46220 391
46332 384
46452 384
46564 384
46676 369
46788 368
46900 359
47012 359
47124 352
47236 352
47348 344
47468 339
47580 335
47692 327
47804 327
47916 319
48028 319
48140 318
48252 312
48364 312
48484 304
48596 304
48708 295
48820 291
48932 287
49044 287
49156 284
49272 280
49384 280
49500 271
49612 271
49724 255
49836 255
49952 255
50064 255
50176 255
50288 254
50400 252
50516 248
50632 248
50744 241
50856 240
50968 238
51080 231
51192 231
51304 227
51416 225
51536 224
51648 224
51760 220
51872 217
51984 216
52096 216
52208 207
52320 207
52432 207
52552 206
52664 199
52776 199
52888 199
53000 195
53112 195
53224 192
53336 192
53448 192
53568 192
53680 184
53792 184
53904 184
54016 179
54128 177
54240 176
54352 176
54468 176
54584 172
54696 167
54808 167
54920 167
55032 167
55148 163
55260 163
55372 159
55484 159
55600 159
55712 159
55828 158
55940 156
56052 156
56164 152
56276 152
56388 152
56500 152
56620 152
56732 147
56844 143
56956 143
57068 143
57180 143
57292 142
57404 142
57516 140
57628 135
57748 135
57864 135
57976 135
58088 135
58200 135
58316 127
58428 127
58540 127
58652 127
58764 127
58880 127
58996 127
59108 127
59220 127
59332 127
59444 126
59556 126
59668 127
59780 135
59892 152
60012 163
60124 176
60236 192
60348 199
60460 207
60572 224
60684 231
60796 241
60908 254
61028 255
61140 271
61252 284
61364 291
61476 304
61588 312
61700 319
61812 327
61924 339
62044 352
62156 355
62268 368
62380 384
62492 384
62604 391
62716 399
62832 408
62944 415
63060 423
63172 432
63284 440
63396 448
63512 451
63624 460
63736 463
63848 472
63960 480
64076 487
64188 496
64304 504
64416 508
64528 512
64640 519
64752 526
64864 527
64976 536
65096 543
65208 547
65320 551
65432 560
65544 568
65656 572
65768 575
65880 575
65992 583
66112 591
66224 595
66336 600
66448 608
66560 608
66672 615
66784 615
66896 624
67008 632
67128 632
67240 638
67352 639
67464 639
67576 639
67688 654
67800 655
67912 664
68024 664
68144 668
68256 671
68368 671
68480 679
68592 679
68704 688
68820 689
68932 696
69044 696
69160 704
69272 704
69384 705
69500 707
69612 711
69724 711
69836 718
69948 719
70060 719
70176 728
70292 728
70404 732
70516 736
70628 736
70740 739
70852 739
70964 743
71076 748
71196 750
71308 768
71420 768
71532 768
71644 768
71756 768
71868 768
71980 768
72092 768
72212 768
72324 769
72436 771
72548 775
72660 775
72772 780
72884 782
72996 783
73108 783
73228 783
73340 792
73452 792
73564 792
73676 792
73788 796
73900 798
74016 799
74128 799
74244 799
74356 799
74468 799
74580 807
74696 807
74808 807
74920 807
75032 812
75144 816
75260 816
75376 816
75488 816
75600 817
75712 824
75824 824
75936 824
76048 824
76160 824
76272 824
76388 828
76500 828
76612 831
76724 831
76836 831
76948 831
77060 831
77172 831
77284 831
77404 831
77516 831
77628 831
77740 839
77852 839
77964 839
78076 844
78188 844
78304 844
78420 846
78532 846
78644 847
78756 847
78868 847
78980 847
79096 847
79208 856
79320 847
79436 856
79548 856
79660 856
79776 847
79888 831
80000 824
80112 812
80224 799
80336 792
80452 775
80568 768
80680 768
80792 743
80904 736
81016 728
81128 711
81240 704
81352 696
81472 684
81584 671
81696 664
81808 655
81920 639
82032 636
82144 632
82256 615
82368 608
82488 600
82600 591
82712 583
82824 575
82936 568
83048 560
83160 551
83272 543
83384 540
83504 527
83616 524
83728 515
83840 510
83952 504
84064 496
84176 487
84292 481
84404 476
84520 472
84632 463
84744 455
84856 449
84972 448
85084 440
85196 432
85308 428
85420 423
85536 415
85652 412
85764 408
85876 399
85988 391
86100 391
86212 384
86324 384
86436 384
86556 369
86668 368
86788 359
86900 355
87012 352
87124 348
87236 344
87348 339
87460 335
87572 327
87684 327
87804 319
87916 319
88028 316
88140 312
88252 307
88364 304
88476 302
88588 295
88700 295
88812 287
88932 287
89044 284
89156 280
89268 280
89380 271
89492 271
89604 255
89716 255
89828 255
89948 255
90060 255
90172 254
90284 252
90396 248
90508 248
90620 240
90732 240
90844 236
90964 231
91076 231
91188 227
91300 225
91412 224
91524 224
91636 220
91748 216
91864 216
91980 216
92092 207
92204 207
92316 207
92428 206
92540 199
92656 199
92768 199
92880 195
92996 195
93108 192
93220 192
93336 192
93448 192
93560 185
93672 184
93784 184
93896 184
94012 177
94128 177
94240 176
94352 176
94464 172
94576 167
94688 167
94800 167
94912 167
95032 163
95144 159
95256 159
95368 159
95480 159
95592 159
95704 158
95816 156
95928 156
96048 156
96160 152
96272 152
96384 152
96496 147
96608 147
96720 143
96832 143
96944 143
97064 143
97176 142
97288 142
97400 142
97512 135
97624 135
97736 135
97852 135
97964 135
98080 127
98192 127
98304 127
98416 127
98532 127
98644 127
98756 127
98868 127
98980 127
99096 127
99212 127
99324 126
99436 126
99548 127
99660 142
99772 152
99884 163
99996 177
100116 192
100228 199
100340 209
100452 224
100564 231
100676 241
100788 254
100900 255
101012 271
101132 284
101244 295
101356 304
101468 312
101580 319
101692 327
101804 344
101916 352
102028 359
102148 368
102260 384
102372 384
102484 391
102596 399
102708 408
102820 415
102932 423
103048 432
103164 440
103276 448
103388 451
103500 460
103612 465
103728 476
103840 480
103952 487
104064 496
104180 504
104292 508
104408 512
104520 519
104632 527
104744 529
104856 536
104968 543
105080 547
105192 551
105308 560
105420 568
105532 572
105644 575
105756 575
105868 583
105980 591
106092 600
106204 600
106324 608
106436 609
106548 615
106660 620
106772 624
106884 632
106996 633
107108 638
107220 639
107340 639
107452 639
107564 654
107676 655
107788 664
107900 664
108012 668
108128 671
108240 671
108356 679
108468 684
108580 688
108692 688
108808 696
108920 696
109032 704
109144 704
109256 704
109372 707
109488 711
109600 711
109712 718
109824 719
109936 719
110048 728
110160 728
110272 736
110392 736
110504 737
110616 739
110728 743
110840 743
110952 748
111064 752
111176 768
111288 768
111408 768
111520 768
111632 768
111744 768
111856 768
111968 768
112080 768
112192 769
112304 771
112424 775
112536 775
112648 780
112760 782
112872 783
112984 783
113096 783
113208 792
113324 792
113440 792
113552 796
113664 796
113776 798
113888 799
114004 799
114116 799
114228 799
114340 803
114456 807
114568 807
114684 807
114796 812
114908 812
115020 816
115132 816
115244 816
115356 816
115476 817
115588 824
115708 824
115828 824
115940 824
116052 828
116164 828
116276 828
116388 830
116500 830
116612 831
116724 831
116844 831
116956 831
117068 831
117180 831
117292 831
117404 831
117516 839
117628 839
117740 839
117860 839
117972 844
118084 844
118196 844
118308 846
118420 847
118532 847
118644 847
118756 847
118876 847
118988 847
119100 847
119212 856
119324 856
119436 856
119552 856
119664 847
119776 831
119892 824
120004 807
120116 799
120232 783
120344 775
120456 768
120568 768
120680 743
120792 732
120908 719
121024 711
121136 704
121248 689
121360 679
121472 671
121584 664
121696 654
121808 639
121920 636
122036 624
122148 615
122260 608
122372 600
122484 591
122596 583
122708 575
122820 568
122932 560
123052 551
123164 543
123276 536
123388 527
123500 519
123612 513
123724 508
123836 504
123952 496
124068 487
124180 480
124292 476
124404 472
124516 463
124632 455
124744 449
124856 448
124968 440
125084 432
125196 423
125312 419
125424 415
125536 412
125648 408
125760 399
125872 391
125984 387
126104 384
126216 384
126328 376
126440 369
126552 368
126664 359
126776 355
126888 352
127000 348
127120 344
127232 335
127344 335
127456 327
127568 327
127680 319
127792 319
127904 316
128016 312
128136 305
128248 304
128360 300
128472 295
128584 291
128696 287
128808 287
128920 284
129032 280
129152 275
129264 271
129376 270
129488 255
129600 255
129712 255
129824 255
129940 255
130052 254
130168 248
130280 248
130392 243
130504 240
130620 240
130732 236
130844 231
130956 231
131068 227
131184 225
131300 224
131412 224
131524 220
131636 216
131748 216
131860 211
131972 207
132084 207
132204 207
132316 204
132428 199
132540 199
132652 199
132764 195
132876 193
132988 192
133100 192
133220 192
133332 192
133444 184
133556 184
133668 184
133780 184
133892 177
134004 176
134116 176
134236 176
134348 174
134460 167
134572 167
134684 167
134796 167
134908 163
135020 163
135136 159
135252 159
135364 159
135476 159
135588 158
135700 156
135816 156
135928 152
136040 152
136152 152
136268 152
136380 147
136496 147
136608 147
136720 143
136832 143
136944 143
137056 143
137168 142
137280 135
137396 135
137508 135
137620 135
137732 135
137844 135
137956 127
138068 127
138180 127
138292 127
138412 127
138524 127
138636 127
138748 127
138860 127
138972 127
139084 127
139196 126
139308 126
139428 127
139540 143
139652 156
139764 167
139876 177
139988 192
140100 199
140216 211
140328 224
140444 231
140556 248
140668 255
140780 255
140896 275
141008 286
141120 295
141232 304
141344 316
141460 319
141576 334
141688 344
141800 352
141912 359
142024 368
142136 384
142248 384
142360 391
142480 399
142592 408
142704 415
142816 423
142928 432
143040 440
143152 448
143264 451
143376 462
143496 467
143608 476
143720 480
143832 487
143944 496
144056 504
144168 508
144280 512
144392 519
144512 527
144628 536
144740 540
144856 543
144972 551
145084 556
145196 561
145308 568
145420 572
145536 575
145648 575
145760 583
145872 591
145988 600
146100 601
146216 608
146328 611
146440 615
146552 620
146664 624
146776 632
146888 632
147008 638
147120 639
147232 639
147344 639
147456 655
147568 655
147680 664
147792 668
147904 670
148024 671
148136 671
148248 679
148360 684
148472 688
148584 689
148696 696
148808 696
148920 704
149040 704
149152 705
149264 707
149376 711
149488 716
149600 719
149712 719
149824 728
149936 728
150056 728
150168 736
150280 736
150392 737
150504 739
150616 743
150728 743
150844 748
150956 768
151072 768
151184 768
151296 768
151408 768
151524 768
151636 768
151748 768
151860 768
151972 769
152088 771
152204 771
152316 775
152428 780
152540 780
152652 782
152764 783
152876 783
152988 783
153100 792
153216 792
153328 792
153440 796
153552 796
153664 799
153776 799
153888 799
154000 799
154112 799
154232 799
154344 807
154456 807
154568 807
154680 812
154792 812
154904 816
155016 816
155132 816
155248 816
155360 817
155472 824
155584 824
155696 824
155808 824
155924 824
156036 828
156148 828
156264 828
156376 831
156488 831
156604 831
156716 831
156828 831
156940 831
157052 831
157164 831
157280 831
157396 839
157508 839
157620 839
157732 839
157844 839
157956 844
158068 846
158180 846
158300 846
158412 847
158524 847
158636 847
158748 847
158860 847
158972 847
159084 856
159196 856
159316 856
159428 856
159540 846
159652 831
159764 824
159876 807
159988 798
160100 783
160212 775
160332 768
160444 768
160556 743
160668 736
160780 719
160892 711
161004 704
161120 689
161232 679
161348 671
161460 664
161572 652
161684 639
161800 636
161912 624
162024 615
162136 608
162248 600
162364 591
162480 575
162592 575
162704 568
162816 560
162928 551
163040 543
163152 536
163264 527
163384 519
163496 513
163608 508
163720 504
163832 496
163944 487
164056 480
164168 476
164280 472
164400 462
164512 455
164624 448
164736 448
164848 440
164960 432
165072 423
165184 419
165296 415
165416 412
165528 408
165640 399
165752 391
165864 387
165976 384
166088 384
166200 384
166316 369
166432 368
166544 359
166656 355
166768 352
166880 348
166996 344
167108 335
167220 335
167332 327
167448 319
167560 319
167676 319
167788 316
167900 312
168012 305
168124 304
168236 300
168348 295
168460 287
168576 287
168688 287
168800 284
168912 280
169024 280
169136 271
169248 271
169360 255
169472 255
169592 255
169704 255
169816 255
169928 252
170040 248
170152 248
170264 243
170376 240
170488 240
170608 236
170720 231
170832 231
170944 227
171056 225
171168 224
171280 224
171396 220
171508 216
171624 216
171736 216
171848 207
171960 207
172076 207
172188 204
172300 199
172412 199
172524 199
172640 195
172756 193
172868 192
172980 192
173092 192
173204 192
173316 184
173428 184
173548 184
173660 179
173772 177
173884 176
173996 176
174116 176
174228 174
174340 167
174452 167
174564 167
174676 167
174788 163
174900 163
175012 159
175132 159
175244 159
175356 159
175468 159
175580 156
175692 156
175804 152
175916 152
176028 152
176140 152
176260 147
176372 145
176484 143
176596 143
176708 143
176820 143
176932 142
177044 142
177156 140
177276 135
177388 135
177500 135
177612 135
177724 135
177836 127
177948 127
178060 127
178172 127
178292 127
178404 127
178516 127
178628 127
178740 127
178852 127
178964 127
179076 126
179192 126
179308 127
179420 143
179532 156
179644 167
179756 177
179872 192
179984 199
180096 216
180208 224
180324 231
180436 248
180552 255
180664 255
180776 275
180888 286
181000 295
181112 304
181224 316
181344 319
181456 334
181568 344
181680 352
181792 359
181904 368
182016 384
182128 384
182240 391
182360 399
182472 412
182584 415
182696 423
182808 432
182920 440
183032 448
183144 451
183256 462
183376 472
183488 480
183600 481
183712 487
183824 496
183936 504
184048 508
184160 513
184272 519
184392 527
184504 536
184616 540
184728 543
184840 547
184952 556
185068 560
185180 568
185292 572
185408 575
185520 575
185632 583
185748 591
185860 600
185972 600
186084 608
186196 609
186308 615
186424 620
186540 624
186652 632
186764 632
186876 638
186988 639
187100 639
187212 639
187324 654
187444 655
187556 664
187668 668
187780 670
187892 671
188004 671
188116 679
188228 684
188340 688
188460 689
188572 696
188684 696
188796 704
188908 704
189020 705
189132 707
189244 711
189356 711
189476 719
189588 719
189700 728
189812 728
189924 729
190036 736
190148 736
190264 736
190376 739
190492 743
190604 743
190716 748
190828 768
190944 768
191056 768
191168 768
191280 768
191392 768
191508 768
191624 768
191736 768
191848 768
191960 771
192072 775
192184 775
192296 775
192408 780
192520 782
192636 783
192748 783
192860 783
192972 792
193084 792
193196 792
193308 796
193420 798
193532 798
193652 799
193764 799
193876 799
193988 799
194100 803
194212 807
194324 807
194436 807
194552 812
194668 814
194780 816
194892 816
195004 816
195116 817
195228 824
195344 824
195456 824
195568 824
195684 824
195796 824
195908 828
196024 828
196136 830
196248 831
196360 831
196472 831
196584 831
196700 831
196816 831
196928 831
197040 831
197152 831
197264 839
197376 839
197488 839
197600 844
197720 844
197832 844
197944 846
198056 846
198168 847
198280 847
198392 847
198504 847
198616 847
198736 847
198848 847
198960 856
199072 856
199184 856
199296 856
199408 846
199520 831
199632 824
199752 812
199864 798
199976 783
200088 775
200200 768
200312 768
200424 743
200540 732
200652 719
200768 711
200880 704
200992 696
201104 679
201220 671
201332 664
201444 652
201556 639
201668 636
201784 624
201900 615
202012 608
202124 600
202236 591
202348 575
202460 575
202572 568
202684 560
202796 551
202908 543
203020 536
203132 527
203244 519
203364 513
203476 508
203588 504
203700 496
203812 487
203924 480
204036 476
204148 472
204260 463
204380 455
204492 448
204604 448
204716 440
204828 432
204940 423
205052 419
205164 415
205276 412
205396 408
205508 399
205620 391
205732 387
205844 384
205956 384
206068 376
206180 369
206296 368
206412 359
206524 355
206636 352
206748 348
206860 344
206976 337
207088 335
207200 327
207312 327
207428 319
207540 319
207656 316
207768 312
207880 307
207992 304
208104 300
208216 295
208328 295
208448 287
208560 287
208672 284
208784 280
208896 280
209008 271
209120 270
209232 255
209344 255
209464 255
209576 255
209688 255
209800 252
209912 248
210024 248
210136 243
210248 240
210360 240
210472 240
210592 231
210704 231
210816 227
210928 225
211040 224
211152 224
211264 220
211376 220
211492 216
211608 216
211720 207
211832 207
211944 207
212056 206
212172 199
212284 199
212396 199
212508 195
212624 193
212736 192
212852 192
212964 192
213076 192
213188 185
213300 184
213412 184
213524 179
213644 177
213756 176
213868 176
213980 176
214092 174
214204 167
214316 167
214428 167
214540 167
214660 163
214772 159
214884 159
214996 159
215108 159
215220 159
215332 158
215444 156
215556 156
215676 152
215788 152
215900 152
216012 152
216124 152
216236 147
216348 143
216460 143
216572 143
216692 143
216804 143
216916 142
217028 135
217140 135
217252 135
217368 135
217480 135
217592 135
217708 135
217820 127
217932 127
218048 127
218160 127
218272 127
218384 127
218496 127
218608 127
218724 127
218840 126
218952 126
219064 124
219176 127
219288 143
219400 156
219512 167
219624 176
219744 192
219856 199
219968 216
220080 224
220192 231
220304 248
220416 255
220528 255
220640 273
220760 286
220872 295
220984 304
221096 316
221208 319
221320 334
221432 344
221544 352
221656 359
221776 368
221888 384
222000 384
222112 391
222224 399
222336 408
222448 415
222564 423
222676 432
222792 440
222904 448
223016 455
223128 462
223244 467
223356 476
223468 480
223580 487
223692 496
223808 504
223924 508
224036 513
224148 519
224260 527
224372 531
224484 540
224596 543
224708 547
224828 556
224940 560
225052 568
225164 572
225276 575
225388 575
225500 583
225612 591
225724 600
225836 600
225956 608
226068 609
226180 615
226292 620
226404 624
226516 632
226628 632
226740 638
226852 639
226972 639
227084 639
227196 654
227308 655
227420 664
227532 668
227644 670
227756 671
227868 671
227988 679
228100 684
228212 688
228324 688
228436 696
228548 696
228660 704
228772 704
228888 705
229004 711
229116 711
229228 716
229340 719
229452 719
229564 728
229680 728
229792 728
229904 736
230020 736
230132 736
230244 739
230360 743
230472 743
230584 748
230696 768
230808 768
230920 768
231036 768
231152 768
231264 768
231384 768
231496 768
231612 768
231724 768
231836 771
231952 775
232064 775
232176 775
232288 780
232400 782
232512 783
232628 783
232744 783
232856 792
232968 792
233080 792
233192 792
233304 796
233416 798
233528 799
233648 799
233760 799
233872 799
233984 803
234096 803
234208 807
234320 807
234432 812
234544 814
234664 816
234776 816
234888 816
235000 816
235112 817
235224 824
235336 824
235448 824
235560 824
235680 824
235792 828
235904 828
236016 830
236128 830
236240 831
236352 831
236468 831
236580 831
236696 831
236808 831
236920 831
237032 831
237148 831
237260 839
237372 839
237484 839
237596 844
237712 844
237828 844
237940 846
238052 847
238164 847
238276 847
238388 847
238500 847
238612 847
238732 847
238844 856
238956 856
239068 856
239180 856
239292 846
239404 831
239516 824
239628 807
239748 798
239860 783
239972 775
240084 768
240196 768
240308 739
240420 732
240532 719
240644 711
240764 704
240876 689
240988 679
241100 671
241212 664
241324 652
241436 639
241548 636
241664 624
241780 615
241892 608
242004 600
242116 591
242228 575
242344 575
242456 568
242568 560
242680 551
242796 543
242908 536
243024 527
243136 519
243248 513
243360 508
243472 504
243584 496
243696 487
243816 480
243928 472
244040 467
244152 462
244264 455
244376 448
244488 448
244600 440
244712 432
244824 423
244944 419
245056 415
245168 408
245280 403
245392 399
245504 391
245616 387
245728 384
245840 384
245960 376
246072 369
246184 364
246296 359
246408 355
246520 352
246632 348
246744 344
246860 335
246976 335
247088 327
247200 327
247312 319
247424 319
247540 316
247652 312
247764 305
247876 304
247992 295
248104 295
248220 287
248332 287
248444 287
248556 284
248668 280
248780 275
248892 271
249012 270
249124 255
249236 255
249348 255
249460 255
249572 255
249684 252
249796 248
249908 248
250028 248
250140 240
250252 240
250364 236
250476 231
250588 231
250700 227
250812 225
250924 224
251044 224
251156 220
251268 216
251380 216
251492 216
251604 207
251716 207
251828 207
251940 199
252060 199
252172 199
252284 195
252396 195
252508 193
252620 192
252736 192
252848 192
252960 192
253076 184
253188 184
253300 184
253416 179
253528 177
253640 176
253752 176
253864 176
253976 167
254092 167
254208 167
254320 167
254432 167
254544 163
254656 163
254768 159
254880 159
254992 159
255112 159
255224 158
255336 156
255448 156
255560 152
255672 152
255784 152
255896 152
256008 147
256128 145
256240 143
256352 143
256464 143
256576 143
256688 143
256800 142
256912 140
257024 135
257144 135
257256 135
257368 135
257480 135
257592 127
257704 127
257816 127
257932 127
258044 127
258160 127
258272 127
258384 127
258496 127
258612 127
258724 127
258836 126
258948 126
259060 127
259176 143
259292 158
259404 167
259516 179
259628 192
259740 199
259852 216
259964 224
260076 231
260188 248
260300 255
260412 255
260524 280
260636 287
260756 295
260868 305
260980 316
261092 319
261204 335
261316 344
261428 352
261540 359
261652 368
261772 384
261884 385
261996 391
262108 399
262220 412
262332 415
262444 423
262556 432
262668 440
262780 448
262900 455
263012 462
263124 472
263236 476
263348 481
263460 487
263572 496
263684 504
263796 508
263916 513
264028 519
264140 527
264252 536
264364 540
264476 543
264588 547
264700 556
264812 560
264932 568
265044 572
265156 575
265268 575
265380 588
265492 591
265604 600
265716 600
265832 608
265948 609
266060 615
266172 620
266284 624
266396 632
266508 636
266624 638
266736 639
266848 639
266964 639
267076 655
267188 655
267304 664
267416 665
267528 670
267640 671
267752 671
267864 679
267980 684
268096 688
268208 689
268320 696
268432 696
268544 704
268656 704
268768 705
268880 707
269000 711
269112 716
269224 719
269336 719
269448 728
269560 728
269672 728
269784 736
269896 736
270016 736
270128 739
270240 743
270352 743
270464 748
270576 768
270688 768
270800 768
270912 768
271032 768
271144 768
271256 768
271368 768
271480 768
271592 768
271704 771
271820 771
271932 775
272048 775
272160 780
272272 782
272384 783
272500 783
272612 783
272724 792
272836 792
272948 792
273064 796
273180 796
273292 798
273404 799
273516 799
273628 799
273740 799
273852 803
273964 807
274084 807
274196 807
274308 812
274420 812
274532 816
274644 816
274756 816
274868 817
274980 824
275100 824
275212 824
275324 824
275436 824
275548 824
275660 828
275772 828
275884 830
275996 830
276116 831
276228 831
276340 831
276452 831
276564 831
276676 831
276788 831
276900 831
277016 839
277132 839
277244 839
277356 839
277468 844
277580 844
277696 844
277808 846
277920 847
278032 847
278148 847
278260 847
278376 847
278488 856
278600 847
278712 856
278824 856
278936 856
279048 856
279160 846
279276 831
279388 824
279500 807
279612 799
279724 783
279836 775
279948 768
280060 768
280172 743
280292 732
280404 719
280516 711
280628 704
280740 696
280852 679
280964 671
281076 664
281188 652
281308 639
281420 636
281532 624
281644 615
281756 608
281868 600
281980 591
282096 575
282208 575
282324 568
282436 560
282548 551
282660 543
282776 536
282888 527
283000 519
283112 513
283224 508
283340 504
283456 496
283568 487
283680 480
283792 476
283904 467
284016 462
284128 455
284240 448
284360 448
284472 440
284584 432
284696 423
284808 419
284920 415
285032 408
285144 403
285256 399
285376 391
285488 387
285600 384
285712 384
285824 376
285936 368
286048 368
286160 359
286272 353
286392 352
286504 348
286616 344
286728 335
286840 335
286952 327
287064 319
287176 319
287292 319
287408 316
287520 312
287632 307
287744 304
287856 300
287972 295
288084 291
288196 287
288308 287
288424 284
288536 280
288652 275
288764 271
288876 271
288988 255
289100 255
289220 255
289332 255
289444 255
289556 252
289668 252
289780 248
289892 243
290012 240
290124 240
290236 238
290348 231
290460 231
290572 227
290684 225
290796 224
290908 224
291028 220
291140 216
291252 216
291364 216
291476 207
291588 207
291700 207
291812 204
291924 199
292036 199
292156 199
292268 195
292380 193
292492 192
292604 192
292716 192
292828 188
292940 184
293052 184
293172 184
293284 184
293396 177
293508 176
293620 176
293732 176
293848 174
293960 167
294072 167
294188 167
294300 167
294412 163
294528 163
294640 159
294752 159
294864 159
294976 159
295088 158
295204 156
295320 156
295432 152
295544 152
295656 152
295768 152
295880 147
295992 145
296104 143
296224 143
296336 143
296448 143
296560 143
296672 142
296784 135
296896 135
297008 135
297120 135
297240 135
297352 135
297464 127
297576 127
297688 127
297800 127
297912 127
298024 127
298136 127
298256 127
298368 127
298480 127
298592 127
298704 126
298816 124
298928 127
299044 143
299156 156
299272 167
299384 177
299496 192
299608 199
299724 216
299836 224
299948 231
300060 248
300172 255
300288 255
300404 275
300516 287
300628 295
300740 304
300852 316
300964 319
301076 334
301188 344
301308 352
301420 359
301532 368
301644 384
301756 384
301868 391
301980 399
302092 408
302204 415
302324 423
302436 432
302548 440
302660 448
302772 455
302884 462
302996 472
303108 480
303220 481
303340 487
303452 496
303564 504
303676 510
303788 513
303900 519
304012 527
304124 536
304240 540
304356 543
304468 551
304580 556
304692 560
304804 568
304920 572
305032 575
305144 575
305256 583
305372 591
305484 600
305600 604
305712 608
305824 611
305936 615
306048 620
306160 624
306272 632
306392 636
306504 638
306616 639
306728 639
306840 639
306952 654
307064 655
307176 664
307288 668
307400 670
307520 671
307632 671
307744 679
307856 684
307968 688
308080 689
308192 696
308304 696
308416 704
308536 704
308648 705
308760 707
308872 711
308984 716
309096 719
309208 719
309320 728
309432 728
309552 728
309664 736
309776 736
309888 737
310000 739
310112 743
310224 743
310336 748
310448 768
310568 768
310680 768
310792 768
310904 768
311016 768
311128 768
311240 768
311356 768
311468 769
311584 771
311696 775
311808 775
311920 775
312036 780
312148 782
312260 783
312372 783
312484 783
312600 792
312716 792
312828 792
312940 796
313052 796
313164 799
313276 799
313388 799
313500 799
313620 799
313732 803
313844 807
313956 807
314068 807
314180 812
314292 816
314404 816
314516 816
314636 816
314748 817
314860 824
314972 824
315084 824
315196 824
315308 824
315420 828
315532 828
315652 828
315764 828
315876 830
315988 831
316100 831
316212 831
316324 831
316436 831
316552 831
316668 831
316780 831
316892 839
317004 839
317116 839
317232 839
317344 844
317456 844
317568 844
317684 846
317796 847
317912 847
318024 847
318132 847
318252 847
318364 847
318476 847
318588 856
318700 856
318812 856
318924 856
319036 846
319152 831
319264 824
319380 807
319492 798
319604 783
319716 775
319832 768
319944 768
320056 739
320168 732
320280 719
320396 711
320512 704
320624 689
320736 679
320848 671
320960 664
321072 654
321184 639
321296 636
321416 624
321528 615
321640 608
321752 600
321864 591
321976 575
322088 575
322200 568
322312 560
322432 551
322544 543
322656 536
322768 527
322880 519
322992 513
323104 508
323216 504
323328 496
323448 487
323560 480
323672 476
323784 472
323896 462
324008 455
324120 449
324232 448
324348 440
324464 432
324576 423
324688 419
324800 415
324912 412
325028 408
325140 399
325252 391
325364 387
325480 384
325592 384
325708 376
325820 369
325932 366
326044 359
326156 355
326268 352
326380 348
326500 344
326612 335
326724 335
326836 327
326948 319
327060 319
327172 319
327284 316
327396 312
327516 305
327628 304
327740 295
327852 295
327964 287
328076 287
328188 287
328300 284
328412 280
328532 275
328644 271
328756 271
328868 255
328980 255
329092 255
329204 255
329316 255
329428 252
329548 248
329660 248
329772 243
329884 240
329996 240
330108 236
330224 231
330336 231
330448 227
330564 225
330676 224
330788 224
330904 220
331016 216
331128 216
331240 216
331352 207
331464 207
331580 207
331696 204
331808 199
331920 199
332032 195
332144 195
332256 193
332368 192
332480 192
332600 192
332712 192
332824 184
332936 184
333048 184
333160 179
333272 177
333384 176
333496 176
333616 176
333728 174
333840 167
333952 167
334064 167
334176 167
334288 163
334400 163
334512 159
334624 159
334744 159
334856 159
334968 158
335080 156
335192 156
335304 152
335420 152
335532 152
335644 152
335760 147
335872 147
335984 143
336096 143
336208 143
336320 143
336432 143
336544 142
336656 135
336776 135
336888 135
337000 135
337112 135
337224 135
337336 127
337448 127
337560 127
337672 127
337792 127
337904 127
338016 127
338128 127
338240 127
338352 127
338464 127
338580 126
338692 124
338808 127
338920 143
339032 156
339144 167
339260 177
339372 192
339484 199
339596 211
339708 224
339824 231
339940 248
340052 255
340164 255
340276 280
340388 287
340500 295
340612 305
340724 316
340844 319
340956 335
341068 344
341180 352
341292 359
341404 368
341516 384
341628 384
341740 391
341860 399
341972 409
342084 415
342196 423
342308 432
342420 440
342532 448
342644 455
342756 462
342876 472
342988 476
343100 481
343212 487
343324 496
343436 504
343548 508
343660 515
343776 519
343892 527
344004 536
344116 540
344228 543
344340 551
344456 556
344568 560
344680 568
344792 572
344908 575
345020 575
345136 583
345248 591
345360 600
345472 604
345584 608
345696 609
345808 615
345928 620
346040 624
346152 632
346264 636
346376 639
346488 639
346600 639
346712 639
346824 655
346944 655
347060 664
347172 668
347288 670
347400 671
347512 675
347628 679
347740 684
347852 688
347968 689
348080 696
348192 696
348304 704
348416 704
348528 705
348644 711
348760 711
348872 716
348984 719
349096 719
349208 728
349320 728
349432 732
349544 736
349664 736
349776 736
349888 739
350000 743
350112 743
350224 748
350336 768
350448 768
350560 768
350680 768
350792 768
350904 768
351016 768
351128 768
351240 768
351352 768
351464 771
351576 775
351696 775
351808 775
351920 780
352032 783
352144 783
352256 783
352368 783
352484 792
352596 792
352712 792
352824 796
352936 796
353048 798
353160 799
353276 799
353388 799
353500 799
353612 803
353728 807
353840 807
353956 807
354068 812
354180 814
354292 816
354404 816
354516 816
354628 816
354748 824
354860 824
354972 824
355084 824
355196 824
355308 824
355420 828
355532 828
355644 830
355764 830
355876 831
355988 831
356100 831
356212 831
356324 831
356436 831
356548 831
356660 831
356780 839
356892 839
357004 839
357116 839
357228 839
357340 844
357452 846
357564 846
357676 846
357792 847
357908 847
358020 847
358132 847
358244 847
358356 847
358472 851
358584 856
358696 856
358808 856
358924 844
359036 831
359152 824
359264 807
359376 798
359488 783
359600 775
359712 768
359824 768
359944 739
360056 732
360168 719
360280 707
360392 704
360504 689
360616 679
360728 671
360840 664
360960 652
361072 639
361184 632
361296 624
361408 615
361520 608
361632 600
361744 591
361856 575
361976 574
362088 568
362200 560
362312 551
362424 543
362536 536
362648 527
362760 519
362872 513
362992 508
363104 499
363216 492
363328 487
363440 480
363552 472
363668 467
363780 463
363892 455
364008 448
364120 448
364232 440
364348 432
364460 423
364572 419
364684 415
364796 408
364908 403
365024 399
365140 391
365252 387
365364 384
365476 384
365588 376
365700 368
365812 366
365924 359
366044 355
366156 352
366268 348
366380 344
366492 335
366604 335
366716 327
366828 319
366940 319
367060 319
367172 316
367284 312
367396 305
367508 304
367620 300
367732 295
367844 287
367956 287
368076 287
368188 284
368300 280
368412 275
368524 271
368636 271
368748 255
368864 255
368976 255
369092 255
369204 255
369316 252
369428 248
369544 248
369656 248
369768 240
369880 240
369992 238
370108 231
370224 231
370336 227
370448 224
370560 224
370672 224
370784 220
370896 216
371008 216
371128 211
371240 207
371352 207
371464 207
371576 199
371688 199
371800 199
371912 199
372024 195
372144 192
372256 192
372368 192
372480 192
372592 188
372704 184
372816 184
372928 184
373040 177
373152 177
373272 176
373384 176
373496 176
373608 172
373720 167
373832 167
373944 167
374060 167
374172 163
374288 159
374400 159
374512 159
374624 159
374736 158
374848 158
374960 158
375072 156
375184 152
375304 152
375416 152
375528 152
375640 147
375752 147
375864 143
375980 143
376092 143
376204 143
376316 143
376428 142
376540 140
376656 135
376768 135
376884 135
376996 135
377108 135
377220 127
377336 127
377448 127
377560 127
377672 127
377784 127
377900 127
378016 127
378128 127
378240 127
378352 126
378464 126
378576 126
378688 127
378800 143
378920 158
379032 167
379144 179
379256 192
379368 199
379480 216
379592 224
379704 231
379816 248
379936 255
380048 255
380160 280
380272 287
380384 295
380496 305
380608 316
380720 319
380832 334
380944 344
381064 352
381176 359
381288 368
381400 384
381512 384
381624 391
381736 399
381852 412
381964 415
382080 423
382192 432
382304 440
382416 448
382532 455
382644 463
382756 472
382868 476
382980 481
383096 487
383212 496
383324 504
383436 510
383548 513
383660 519
383772 527
383884 536
383996 540
384116 543
384228 551
384340 556
384452 560
384564 568
384676 572
384788 575
384900 575
385012 588
385132 591
385244 600
385356 604
385468 608
385580 611
385692 615
385804 620
385916 624
386028 632
386148 636
386260 639
386372 639
386484 639
386596 639
386708 654
386820 655
386932 664
387048 668
387164 670
387276 671
387388 675
387500 679
387612 684
387728 688
387840 689
387952 696
388064 696
388180 704
388292 704
388404 705
388520 707
388632 711
388744 716
388856 719
388968 719
389080 728
389196 728
389312 728
389424 736
389536 736
389648 736
389760 737
389872 743
389984 743
390096 748
390216 768
390328 768
390440 768
390552 768
390664 768
390776 768
390888 768
391000 768
391112 768
391232 769
391344 771
391456 771
391568 775
391680 775
391792 780
391904 782
392016 783
392128 783
392248 783
392360 792
392472 792
392584 792
392696 793
392808 796
392920 798
393036 799
393148 799
393264 799
393376 799
393488 803
393600 807
393716 807
393828 807
393940 812
394052 812
394164 816
394280 816
394396 816
394508 816
394620 824
394732 824
394844 824
394956 824
395068 824
395180 824
395300 828
395412 828
395524 828
395636 830
395748 831
395860 831
395972 831
396084 831
396196 831
396308 831
396428 839
396540 831
396652 831
396764 839
396876 839
396988 839
397100 844
397212 844
397324 844
397444 846
397556 847
397668 847
397780 847
397892 847
398004 847
398116 847
398228 856
398340 856
398460 856
398572 856
398684 856
398796 846
398908 831
399020 824
399132 807
399244 798
399360 783
399476 775
399588 768
399700 768
399812 739
399924 732
400036 719
400152 711
400264 704
400376 689
400492 679
400604 671
400716 664
400832 652
400944 639
401056 632
401168 624
401280 615
401392 608
401508 600
401624 591
401736 575
401848 575
401960 568
402072 560
402184 551
402296 543
402408 536
402528 527
402640 519
402752 513
402864 508
402976 504
403088 496
403200 487
403312 480
403424 473
403544 467
403656 462
403768 455
403880 448
403992 448
404104 440
404216 432
404328 423
404440 419
404560 415
404672 408
404784 403
404900 399
405012 391
405124 387
405244 384
405356 384
405468 376
405580 368
405692 366
405804 359
405916 355
406028 352
406140 348
406260 344
406372 335
406484 335
406596 327
406708 319
406820 319
406932 319
407048 316
407160 312
407276 305
407388 304
407500 295
407612 295
407728 287
407840 287
407952 287
408064 284
408176 280
408292 275
408408 271
408520 270
408632 255
408744 255
408856 255
408968 255
409080 255
409192 252
409312 248
409424 248
409536 243
409648 240
409760 240
409872 236
409984 231
410096 231
410208 227
410328 224
410440 224
410552 224
410664 220
410776 216
410888 216
411000 211
411112 207
411224 207
411344 207
411456 204
411568 199
411680 199
411792 195
411904 195
412016 195
412128 192
412244 192
412360 192
412472 188
412584 184
412696 184
412808 184
412924 179
413036 177
413148 176
413260 176
413376 176
413488 172
413604 167
413716 167
413828 167
413940 163
414052 163
414164 159
414276 159
414396 159
414508 159
414620 159
414732 158
414844 156
414956 156
415068 152
415180 152
415292 152
415404 152
415524 147
415636 145
415748 143
415860 143
415972 143
416084 143
416196 143
416308 142
416420 135
416540 135
416652 135
416764 135
416876 135
416988 135
417100 135
417212 127
417324 127
417436 127
417556 127
417668 127
417780 127
417892 127
418004 127
418116 127
418228 127
418340 126
418452 124
418572 127
418684 143
418796 158
418908 167
419020 184
419132 192
419244 199
419360 216
419472 224
419588 236
419700 248
419812 255
419924 255
420040 280
420152 287
420264 295
420376 305
420488 316
420604 319
420720 335
420832 344
420944 352
421056 359
421168 368
421280 384
421392 385
421504 391
421624 399
421736 412
421848 415
421960 423
422072 432
422184 441
422296 448
422408 455
422520 463
422640 472
422752 476
422864 481
422976 487
423088 496
423200 504
423312 510
423424 513
423536 519
423656 527
423768 536
423880 540
423992 543
424104 551
424216 556
424328 560
424440 568
424556 574
424672 575
424784 575
424896 588
425008 591
425120 600
425236 604
425348 608
425460 611
425572 615
425688 622
425800 624
425916 632
426028 636
426140 639
426252 639
426364 639
426476 639
426588 655
426708 655
426820 664
426932 668
427044 670
427156 671
427268 675
427380 679
427492 684
427604 688
427724 689
427836 696
427948 696
428060 704
428172 704
428284 707
428396 707
428508 711
428620 716
428740 719
428852 719
428964 728
429076 728
429188 732
429300 736
429412 736
429524 736
429636 739
429756 743
429868 743
429980 748
430092 768
430204 768
430316 768
430428 768
430544 768
430656 768
430772 768
430884 768
430996 768
431108 769
431224 771
431336 775
431448 775
431560 775
431672 780
431784 783
431900 783
432012 783
432124 783
432236 792
432348 792
432460 792
432572 796
432684 796
432796 798
432916 799
433028 799
433140 799
433252 799
433364 803
433476 807
433588 807
433704 807
433824 812
433936 814
434048 816
434160 816
434272 816
434384 824
434496 817
434616 824
434728 824
434840 824
434952 824
435064 824
435176 824
435288 828
435400 830
435512 831
435632 831
435744 831
435856 831
435968 831
436080 831
436192 831
436304 831
436416 831
436532 839
436648 839
436760 839
436872 839
436984 839
437096 844
437212 844
437324 846
437436 847
437548 847
437664 847
437776 847
437892 847
438004 847
438116 847
438228 856
438340 856
438452 856
438564 856
438684 846
438796 831
438908 824
439020 807
439132 798
439244 783
439356 775
439468 768
439580 768
439700 739
439812 732
439924 719
440036 711
440148 704
440260 689
440372 679
440484 671
440596 664
440716 652
440828 639
440940 636
441052 624
441164 615
441276 608
441388 600
441500 591
441612 575
441732 575
441844 568
441956 560
442068 551
442180 543
442292 536
442408 527
442520 519
442632 513
442748 508
442860 499
442972 496
443088 487
443200 480
443312 472
443424 472
443536 462
443648 455
443764 448
443880 448
443992 440
444104 432
444216 423
444328 419
444440 415
444552 412
444664 403
444784 399
444896 391
445008 387
445120 384
445232 384
445344 376
445456 368
445568 364
445680 359
445792 355
445912 352
446024 348
446136 344
446248 335
446360 335
446472 327
446584 319
446696 319
446808 319
446928 316
447040 312
447152 305
447264 304
447376 295
447488 295
447600 287
447712 287
447824 286
447944 284
448056 280
448168 275
448280 271
448392 270
448504 255
448616 255
448728 255
448844 255
448960 255
449072 252
449184 248
449296 248
449408 243
449524 240
449636 240
449748 231
449860 231
449976 231
450088 227
450204 225
450316 224
450428 224
450540 220
450652 216
450764 216
450876 216
450996 207
451108 207
451220 207
451332 199
451444 199
451556 199
451668 199
451780 195
451892 193
452012 192
452124 192
452236 192
452348 188
452460 184
452572 184
452684 184
452796 179
452908 177
453028 176
453140 176
453252 176
453364 172
453476 167
453588 167
453700 167
453812 167
453924 163
454044 159
454156 159
454268 159
454380 159
454492 159
454604 158
454720 156
454832 156
454944 152
455060 152
455172 152
455284 152
455400 152
455512 147
455624 143
455736 143
455848 143
455960 143
456076 142
456192 143
456304 140
456416 135
456528 135
456640 135
456752 135
456864 135
456976 127
457096 127
457208 127
457320 127
457432 127
457544 127
457656 127
457768 127
457880 127
457992 127
458112 126
458224 126
458336 124
458448 127
458560 143
458672 156
458784 167
458896 184
459008 192
459128 199
459240 216
459352 224
459464 236
459576 248
459688 255
459800 255
459916 280
460028 287
460144 295
460256 305
460368 316
460480 319
460596 335
460708 344
460820 352
460932 359
461044 368
461160 384
461276 385
461388 391
461500 399
461612 412
461724 415
461836 423
461948 432
462060 440
462172 448
462288 455
462400 463
462512 472
462624 480
