24 508
144 499
256 492
368 487
480 480
592 483
704 492
816 497
928 504
1040 504
1160 497
1272 492
1384 483
1496 480
1608 487
1720 494
1832 499
1948 508
2060 504
2176 496
2288 492
2400 483
2512 480
2628 487
2740 496
2852 504
2964 508
3076 504
3192 496
3308 487
3420 481
3532 481
3644 487
3756 496
3868 504
3980 508
4092 504
4212 496
4324 487
4436 481
4548 481
4660 487
4772 496
4884 504
4996 508
5108 504
5228 496
5340 487
5452 480
5564 483
5676 487
5788 496
5900 504
6012 508
6124 504
6244 494
6356 487
6468 480
6580 483
6692 494
6804 497
6916 504
7028 508
7144 497
7260 492
7372 483
7484 480
7596 483
7708 494
7824 499
7936 508
8048 504
8160 497
8276 487
8388 483
8504 480
8616 487
8728 496
8840 504
8952 508
9064 504
9176 496
9296 487
9408 483
9520 481
9632 487
9744 496
9856 504
9968 508
10080 504
10192 496
10304 487
10424 481
10536 481
10648 487
10760 496
10872 504
10984 510
11096 504
11208 496
11320 487
11440 481
11552 483
11664 487
11776 496
11888 504
12000 508
12112 504
12224 496
12336 487
12456 480
12568 483
12680 492
12792 496
12904 504
13016 508
13128 499
13240 494
13352 487
13472 480
13584 483
13696 494
13808 497
13920 504
14032 504
14144 497
14260 492
14372 483
14488 480
14600 487
14712 494
14824 499
14940 508
15052 504
15164 496
15276 487
15388 483
15504 480
15620 487
15732 496
15844 504
15956 508
16068 504
16180 496
16292 487
16404 483
16524 481
16636 487
16748 496
16860 504
16972 508
17084 504
17196 496
17308 487
17420 481
17540 481
17652 492
17764 496
17876 504
17988 508
18100 504
18212 496
18324 487
18436 480
18556 483
18668 492
18780 496
18892 504
19004 508
19116 504
19228 496
19340 487
19456 480
19572 483
19684 494
19796 497
19908 504
20020 508
20136 497
20248 492
20360 483
20472 480
20588 487
20700 494
20816 497
20928 504
21040 504
21152 497
21264 492
21376 483
21488 480
21608 487
21720 496
21832 504
21944 508
22056 504
22168 497
22280 487
22392 483
22504 481
22624 487
22736 496
22848 504
22960 508
23072 504
23184 496
23296 487
23408 481
23520 481
23640 487
23752 496
23864 504
23976 508
24088 504
24200 496
24312 487
24424 481
24536 481
24656 487
24768 496
24880 504
24992 508
25104 504
25216 496
25328 487
25444 480
25556 483
25672 492
25784 496
25896 504
26008 508
26124 499
26236 494
26348 487
26460 480
26572 483
26684 492
26800 497
26912 504
27024 504
27136 497
27248 492
27360 483
27472 480
27584 483
27696 494
27816 504
27928 508
28040 504
28152 496
28264 492
28376 483
28488 480
28604 487
28716 496
28832 504
28948 508
29060 504
29172 496
29288 487
29400 481
29512 481
29624 487
29736 496
29852 504
29968 510
30080 504
30192 496
30304 487
30416 481
30528 481
30640 487
30752 496
30872 504
30984 508
31096 504
31208 496
31320 487
31432 480
31544 483
31656 492
31768 496
31888 504
32000 508
32112 499
32224 496
32336 487
32448 480
32560 483
32672 492
32784 497
32904 504
33016 504
33128 496
33240 492
33352 483
33464 480
33576 487
33688 492
33804 497
33920 508
34032 504
34144 496
34256 492
34368 483
34484 480
34596 487
34708 496
34820 504
34936 508
35048 504
35164 496
35276 487
35388 483
35500 480
35612 487
35724 496
35836 504
35956 510
36068 504
36180 496
36292 487
36404 481
36516 481
36628 487
36740 496
36852 504
36972 508
37084 504
37196 496
37308 487
37420 481
37532 483
37644 487
37756 496
37868 504
37988 508
38100 504
38212 496
38324 487
38436 480
38548 483
38660 492
38772 497
38884 504
39004 508
39116 497
39228 494
39340 483
39452 480
39564 483
39680 492
39792 497
39904 508
40020 504
40132 496
40244 492
40360 483
40472 480
40584 487
40696 496
40808 497
40920 508
41036 504
41152 496
41264 487
41376 483
41488 480
41600 487
41712 496
41824 504
41936 508
42048 504
42168 496
42280 487
42392 481
42504 480
42616 487
42728 496
42840 504
42952 510
43064 504
43184 496
43296 487
43408 481
43520 483
43632 487
43744 496
43856 504
43968 508
44080 504
44200 496
44312 487
44424 480
44536 483
44648 487
44760 496
44876 504
44988 508
45100 504
45216 494
45328 487
45440 480
45556 483
45668 492
45780 497
45892 504
46004 508
46116 497
46232 494
46348 483
46460 480
46572 487
46684 492
46796 497
46908 508
47020 504
47132 497
47252 492
47364 483
47476 480
47588 487
47700 496
47812 504
47924 508
48036 504
48148 497
48268 487
48380 481
48492 480
48604 487
48716 496
48828 504
48940 508
49052 504
49164 496
49284 487
49396 481
49508 481
49620 487
49732 496
49844 504
49956 510
50068 504
50184 496
50300 487
50412 480
50524 483
50636 487
50748 496
50864 504
50976 508
51088 504
51200 496
51316 487
51428 480
51544 483
51656 492
51768 496
51880 504
51992 508
52104 504
52216 494
52336 487
52448 480
52560 483
52672 492
52784 497
52896 504
53008 504
53120 497
53232 492
53352 483
53464 480
53576 487
53688 496
53800 499
53912 508
54024 504
54136 496
54248 487
54368 483
54480 480
54592 487
54704 496
54816 504
54928 508
55040 504
55152 496
55264 487
55384 481
55496 481
55608 487
55720 496
55832 504
55944 508
56060 504
56172 496
56284 487
56400 481
56512 481
56624 487
56740 496
56852 504
56964 508
57076 504
57188 496
57300 487
57416 480
57532 483
57644 487
57756 496
57872 504
57984 508
58096 499
58208 492
58320 487
58440 480
58552 483
58664 492
58776 497
58888 504
59000 504
59112 497
59224 492
59340 483
59456 480
59568 487
59680 494
59792 504
59904 508
60020 504
60132 496
60244 492
60356 483
60472 480
60584 487
60700 496
60812 504
60924 508
61036 504
61148 496
61260 487
61372 481
61492 481
61604 487
61716 496
61828 504
61940 510
62052 504
62164 496
62276 487
62388 481
62508 481
62620 487
62732 496
62844 504
62956 508
63068 504
63180 496
63292 487
63404 480
63524 483
63636 492
63748 496
63860 504
63972 508
64084 504
64196 496
64308 487
64420 480
64540 483
64652 492
64764 497
64876 504
64988 508
65100 497
65216 492
65328 483
65440 480
65556 487
65668 494
65780 497
65896 508
66008 504
66120 496
66232 492
66344 483
66456 480
66572 487
66688 496
66800 504
66912 508
67024 504
67136 496
67248 487
67360 483
67472 480
67592 487
67704 496
67816 504
67928 508
68040 504
68152 496
68264 487
68376 481
68488 481
68600 487
68720 496
68832 504
68944 508
69056 504
69168 496
69280 487
69392 481
69504 481
69616 487
69736 496
69848 504
69960 508
70072 504
70184 496
70296 487
70412 480
70524 483
70636 487
70752 497
70864 504
70976 508
71092 497
71204 494
71316 487
71428 480
71540 483
71652 492
71768 497
71884 504
71996 504
72108 496
72220 492
72332 483
72444 480
72556 487
72668 494
72788 504
72900 508
73012 504
73124 496
73236 492
73348 483
73460 480
73572 487
73684 496
73804 504
73916 508
74028 504
74140 496
74252 487
74364 483
74476 481
74588 487
74700 496
74820 504
74932 510
75044 504
75156 496
75268 487
75380 481
75492 481
75608 487
75720 496
75836 504
75948 508
76060 504
76172 496
76284 487
76400 480
76512 483
76624 487
76736 496
76852 504
76964 508
77080 499
77192 494
77304 487
77416 480
77528 483
77640 492
77752 497
77872 504
77984 504
78096 497
78208 492
78320 483
78432 480
78544 487
78656 492
78768 497
78888 508
79000 504
79112 496
79224 492
79336 483
79448 480
79560 487
79672 494
79784 504
79904 508
80016 504
80128 496
80240 487
80352 483
80464 480
80576 487
80688 496
80800 504
80920 508
81032 504
81144 496
81256 487
81368 481
81480 481
81596 487
81708 496
81820 504
81936 508
82048 504
82160 496
82276 487
82388 480
82500 483
82612 487
82724 496
82836 504
82952 508
83068 504
83180 496
83292 487
83404 480
83516 483
83628 492
83740 496
83852 504
83964 508
84084 504
84196 494
84308 487
84420 480
84532 483
84644 492
84756 497
84868 504
84980 508
85100 497
85212 492
85324 483
85436 480
85548 487
85660 494
85772 504
85884 508
85996 504
86116 496
86228 487
86340 483
86452 480
86564 487
86676 496
