20 737
132 728
244 718
356 707
468 697
580 688
700 675
812 668
924 655
1036 639
1148 639
1260 632
1372 624
1484 615
1596 608
1708 600
1828 588
1940 575
2052 572
2164 568
2276 556
2388 547
2500 542
2616 536
2728 527
2844 519
2956 512
3068 504
3180 497
3292 494
3404 483
3516 480
3628 472
3740 463
3860 460
3972 451
4084 448
4196 441
4308 440
4420 432
4536 423
4648 415
4760 414
4876 408
4988 403
5100 399
5216 391
5328 387
5440 384
5552 384
5664 376
5776 368
5892 364
6008 359
6120 353
6232 352
6344 348
6456 344
6568 335
6680 334
6792 327
6912 319
7024 319
7136 318
7248 316
7360 312
7472 305
7584 304
7696 295
7808 295
7928 287
8040 287
8152 286
8264 284
8376 280
8488 275
8600 271
8712 271
8824 255
8944 255
9056 255
9168 255
9280 255
9392 252
9504 252
9616 248
9732 241
9844 240
9960 240
10072 248
10184 255
10296 271
10412 280
10524 287
10636 295
10748 312
10860 319
10976 327
11092 335
11204 345
11316 353
11428 364
11540 371
11652 384
11764 387
11876 396
11996 408
12108 412
12220 419
12332 428
12444 435
12556 448
12668 448
12780 455
12892 463
13012 472
13124 480
13236 483
13348 492
13460 496
13572 504
13684 511
13796 515
13908 519
14028 527
14140 536
14252 540
14364 543
14476 551
14588 558
14700 561
14812 568
14928 574
15044 575
15156 583
15268 590
15380 591
15492 600
15608 604
15720 608
15832 611
15944 615
16060 624
16172 624
16288 632
16400 636
16512 639
16624 639
16736 639
16848 652
16960 655
17080 655
17192 664
17304 668
17416 671
17528 671
17640 679
17752 679
17864 686
17976 688
18088 696
18208 696
18320 704
18432 704
18544 704
18656 705
18768 711
18880 711
18992 716
19104 719
19224 719
19336 728
19448 728
19560 732
19672 736
19784 736
19896 737
20008 739
20124 736
20240 728
20352 711
20464 704
20576 696
20688 684
20804 671
20916 664
21028 655
21140 639
21256 638
21368 632
21484 620
21596 609
21708 604
21820 591
21932 583
22044 575
22156 572
22276 560
22388 551
22500 543
22612 540
22724 529
22836 524
22948 515
23060 511
23172 504
23292 496
23404 487
23516 481
23628 480
23740 472
23852 463
23964 455
24076 451
24188 448
24308 440
24420 433
24532 428
24644 423
24756 415
24868 412
24980 408
25092 399
25204 396
25324 391
25436 385
25548 384
25660 384
25772 369
25884 368
26000 359
26112 355
26224 352
26340 352
26452 344
26564 339
26680 335
26792 327
26904 327
27016 319
27128 319
27240 316
27356 312
27472 312
27584 304
27696 304
27808 295
27920 295
28032 287
28144 287
28256 286
28376 280
28488 280
28600 271
28712 271
28824 270
28944 255
29056 255
29168 255
29280 255
29392 254
29504 252
29624 248
29736 248
29848 241
29960 240
30072 243
30184 255
30296 255
30408 271
30520 284
30640 295
30752 304
30864 312
30976 319
31088 327
31200 344
31312 352
31424 359
31536 368
31656 384
31768 384
31880 391
31992 399
32104 408
32216 415
32328 423
32444 432
32556 440
32668 448
32784 451
32896 460
33008 467
33124 476
33236 480
33348 487
33460 496
33572 504
33684 508
33800 513
33916 519
34028 526
34140 531
34252 536
34364 543
34476 547
34588 551
34700 560
34820 568
34932 572
35044 575
35156 575
35268 583
35380 591
35492 595
35604 600
35716 608
35836 609
35948 615
36060 620
36172 624
36284 632
36396 632
36508 638
36620 639
36732 639
36852 639
36964 654
37076 655
37188 664
37300 664
37412 668
37524 671
37636 671
37752 679
37868 684
37980 688
38092 688
38204 696
38316 696
38432 704
38544 704
38656 704
38768 707
38884 711
38996 711
39112 718
39224 719
39336 719
39448 728
39560 728
39672 732
39784 736
39904 736
40016 737
40128 739
40240 732
40352 719
40464 711
40576 704
40688 688
40800 679
40920 670
41032 664
41144 647
41256 639
41368 632
41480 624
41592 615
41704 608
41816 600
41936 590
42048 575
42160 574
42272 568
42384 560
42496 551
42608 543
42720 536
42832 527
42952 519
43064 512
43176 508
43288 497
43400 494
43512 487
43628 480
43740 472
43852 465
43968 462
44080 455
44192 448
44308 448
44420 440
44532 432
44644 423
44756 419
44868 415
44984 408
45100 403
45212 399
45324 391
45436 387
45548 384
45660 384
45772 376
45884 368
46004 366
46116 359
46228 355
46340 352
46452 348
46564 344
46676 337
46788 335
46900 327
47020 319
47132 319
47244 319
47356 316
47468 312
47580 307
47692 304
47804 302
47916 295
48028 291
48148 287
48260 287
48372 284
48484 280
48596 275
48708 271
48824 270
48936 255
49048 255
49164 255
49276 255
49388 255
49500 252
49612 252
49724 248
49836 243
49948 241
50060 240
50180 248
50292 255
50404 255
50516 280
50628 287
50740 295
50852 307
50964 318
51076 319
51196 335
51308 344
51420 352
51532 359
51644 369
51756 384
51868 385
51984 391
52096 399
52212 412
52324 415
52436 423
52548 433
52664 440
52776 448
52888 455
53000 463
53112 472
53228 480
53344 481
53456 487
53568 496
53680 504
53792 510
53904 513
54016 519
54128 527
54248 536
54360 540
54472 543
54584 551
54696 558
54808 561
54920 568
55032 574
55144 575
55264 583
55376 588
55488 591
55600 600
55712 604
55824 608
55936 611
56048 615
56160 622
56280 624
56392 632
56504 636
56616 639
56728 639
56840 639
56952 639
57064 655
57180 655
57296 664
57408 668
57520 671
57632 671
57744 675
57852 679
57964 684
58076 688
58188 689
58304 696
58420 704
58532 704
58644 704
58756 705
58868 707
58980 711
59096 716
59208 719
59320 719
59436 728
59548 728
59660 732
59776 736
59888 736
60000 736
60112 739
60224 736
60336 728
60452 716
60568 704
60680 696
60792 688
60904 671
61016 668
61128 655
61240 639
61352 639
61472 632
61584 622
61696 611
61808 604
61920 591
62032 583
62144 575
62256 572
62368 561
62488 556
62600 543
62712 540
62824 529
62936 526
63048 519
63160 511
63272 504
63384 496
63504 487
63616 483
63728 480
63840 472
63952 463
64064 455
64176 451
64292 448
64404 440
64520 433
64632 430
64744 423
64856 415
64972 414
65084 408
65196 399
65308 398
65420 391
65536 385
65652 384
65764 384
65876 371
65988 368
66100 359
66212 359
66324 353
66436 352
66556 344
66668 344
66780 335
66892 334
67004 327
67116 319
67228 319
67340 318
67452 312
67564 312
67684 304
67796 304
67908 295
68020 295
68132 287
68244 287
68356 286
68468 280
68580 280
68700 271
68812 271
68924 270
69036 255
69148 255
69260 255
69372 255
69488 255
69600 252
69716 248
69828 248
69940 241
70052 240
70168 240
70280 252
70392 255
70504 271
70616 284
70732 287
70848 304
70960 312
71072 319
71184 327
71296 335
71408 348
71520 355
71632 368
71752 376
71864 384
71976 391
72088 399
72200 408
72312 415
72424 419
72536 432
72648 440
72768 448
72880 451
72992 460
73104 463
73216 472
73328 480
73440 487
73552 492
73664 497
73784 508
73896 512
74008 519
74120 526
74232 527
74344 536
74456 542
74568 543
74684 551
74800 560
74912 568
75024 572
75136 575
75248 575
75364 583
75476 590
75588 591
75700 600
75816 608
75928 608
76044 615
76156 615
76268 624
76380 625
76492 632
76604 636
76716 639
76836 639
76948 639
77060 652
77172 655
77284 664
77396 664
77508 668
77620 671
77732 671
77852 679
77964 679
78076 688
78188 688
78300 696
78412 696
78524 704
78636 704
78748 704
78868 707
78980 711
79092 711
79204 718
79316 719
79428 719
79540 728
79652 728
79764 732
79884 736
79996 736
80108 739
80220 739
80332 736
80444 719
80560 711
80672 704
80784 696
80900 679
81012 671
81124 664
81240 654
81352 639
81464 636
81576 625
81688 615
81800 608
81916 600
82032 591
82144 583
82256 575
82368 568
82480 560
82592 551
82704 543
82816 536
82928 527
83048 519
83160 513
83272 508
83384 504
83496 496
83608 487
83720 480
83832 476
83944 467
84064 463
84176 455
84288 449
84400 448
84512 440
84624 432
84736 423
84848 419
84960 415
85080 412
85192 408
85304 399
85416 391
85528 387
85640 384
85756 384
85868 376
85980 369
86096 368
86208 359
86320 355
86432 352
86548 348
86660 344
86780 339
86892 335
87004 327
87116 327
87228 319
87340 319
87460 316
87572 312
87684 307
87796 304
87908 302
88020 295
88132 291
88244 287
88356 287
88476 284
88588 280
88700 280
88812 271
88924 271
89036 255
89148 255
89260 255
89372 255
89492 255
89604 254
89716 252
89828 248
89940 248
90052 241
90164 240
90276 248
90388 255
90508 255
90620 275
90732 287
90844 295
90956 304
91068 316
91180 319
91296 334
91408 344
91524 352
91636 359
91748 368
91860 384
91976 385
92088 391
92200 399
92312 408
92424 415
92540 423
92656 432
92768 440
92880 448
92992 455
93104 463
93216 472
93328 476
93440 481
93560 487
93672 496
93784 504
93896 508
94008 513
94120 519
94232 527
94344 536
94456 540
94576 543
94688 551
94800 556
94912 560
95024 568
95136 572
95248 575
95360 575
95472 583
95592 591
95704 600
95816 604
95928 608
96040 609
96152 615
96264 624
96376 624
96492 632
96608 632
96720 638
96832 639
96944 639
97056 639
97172 654
97284 655
97396 664
97508 664
97624 670
97736 671
97852 671
97964 679
98076 684
98188 688
98300 689
98412 696
98524 696
98636 704
98756 704
98868 705
98980 711
99092 711
99204 716
99316 719
99428 719
99540 728
99652 728
99772 728
99884 736
99996 736
100108 737
100220 739
100332 737
100444 728
100556 719
100668 707
100788 696
100900 688
101012 675
101124 668
101236 664
101348 639
101460 639
101572 632
101688 624
101804 611
101916 608
102028 600
102140 588
102252 575
102368 572
102480 568
102592 556
102704 547
102820 542
102932 536
103048 527
103160 519
103272 512
103384 508
103496 497
103608 492
103720 483
103840 480
103952 472
104064 463
104176 460
104288 451
104400 448
104512 448
104624 435
104736 432
104856 423
104968 415
105080 414
105192 408
105304 403
105416 398
105528 391
105640 387
105752 384
105872 384
105984 376
106096 368
106208 368
106320 359
106432 353
106544 352
106656 344
106768 344
106888 335
107000 334
107112 327
107224 319
107336 319
107448 319
107564 312
107676 312
107788 305
107904 304
108016 295
108128 295
108244 287
108356 287
108468 286
108580 284
108692 280
108804 275
108920 271
109036 271
109148 255
109260 255
109372 255
109484 255
109596 255
109708 252
109820 248
109940 248
110052 243
110164 240
110276 240
110388 249
110500 255
110612 270
110724 280
110836 287
110956 295
111068 312
111180 319
111292 327
111404 335
111516 348
111628 353
111740 366
111852 371
111972 384
112084 387
112196 398
112308 408
112420 414
112532 419
112644 428
112760 435
112872 448
112988 448
113100 455
113212 463
113324 472
113440 480
113552 483
113664 487
113776 497
113888 504
114004 511
114120 515
114232 524
114344 527
114456 536
114568 540
114680 543
114792 551
114904 560
115016 561
115132 568
115244 575
115356 575
115468 583
115580 590
115696 591
115808 600
115920 608
116032 608
116148 611
116260 615
116372 624
116488 625
116600 632
116712 636
116824 639
116936 639
117048 639
117160 652
117272 655
117384 655
117504 664
117616 668
117728 671
117840 671
117952 675
118064 679
118176 684
118288 688
118400 696
118520 696
118632 704
118744 704
118856 704
118968 707
119080 711
119192 711
119308 718
119420 719
119536 719
119648 728
119760 728
119872 736
119988 736
120100 736
120212 737
120324 739
120436 736
120552 719
120668 711
120780 704
120892 696
121004 679
121116 671
121228 664
121340 655
121452 639
121572 636
121684 632
121796 620
121908 609
122020 601
122132 591
122244 583
122356 575
122468 568
122588 560
122700 551
122812 543
122924 540
123036 527
123148 524
123260 515
123372 510
123484 504
123604 496
123716 487
123828 481
123940 480
124052 472
124164 463
124276 455
124388 449
124504 448
124620 440
124732 432
124844 428
124956 423
125068 415
125184 412
125296 408
125408 399
125520 396
125636 391
125748 385
125864 384
125976 384
126088 369
126200 368
126312 359
126424 355
126536 352
126656 352
126768 344
126880 339
126992 335
127104 327
127216 327
127328 319
127440 319
127552 316
127672 312
127784 312
127896 304
128008 302
128120 295
128232 295
128344 287
128456 287
128568 284
128688 280
128800 280
128912 271
129024 271
129136 255
129248 255
129360 255
129472 255
129584 255
129704 254
129816 252
129928 248
130040 248
130152 241
130264 240
130380 243
130492 255
130604 255
130720 271
130832 286
130944 295
131060 304
131172 316
131284 319
131396 327
131508 344
131620 352
131732 355
131848 368
131960 384
132072 384
132184 391
132296 399
132408 408
132520 415
132632 423
132744 432
132864 440
132976 448
133088 451
133200 460
133312 465
133424 476
133540 480
133652 487
133764 496
133880 504
133992 508
134104 512
134220 519
134332 526
134444 531
134556 536
134668 543
134780 543
134896 551
135012 560
135124 568
135236 572
135348 575
135460 575
135572 583
135684 591
135796 595
135916 600
136028 608
136140 609
136252 615
136364 620
136476 624
136588 632
136700 632
136812 638
136932 639
137044 639
137156 639
137268 654
137380 655
137492 664
137604 664
137716 670
137828 671
137948 671
138060 679
138172 679
138284 688
138396 688
138508 696
138620 696
138732 704
138848 704
138964 704
139076 707
139188 711
139300 711
139412 718
139528 719
139640 728
139752 728
139864 728
139980 732
140092 736
140208 736
140320 737
140432 739
140544 736
140656 719
140768 711
140880 704
141000 689
141112 679
141224 671
141336 664
141448 652
141560 639
141672 632
141784 624
141896 615
142016 608
142128 600
142240 590
142352 575
142464 575
142576 568
142688 560
142800 551
142912 543
143032 536
143144 527
143256 519
143368 512
143480 508
143592 504
143704 496
143816 487
143928 480
144048 476
144160 465
144272 462
144384 455
144496 448
144612 448
144724 440
144836 432
144948 423
145060 423
145172 415
145284 412
145404 408
145516 399
145628 391
145740 387
145852 384
145964 384
146076 376
146188 369
146304 368
146416 359
146532 355
146644 352
146756 352
146868 344
146984 337
147096 335
147208 327
147320 327
147432 319
147548 319
147664 316
147776 312
147888 312
148000 304
148112 304
148224 295
148336 291
148448 287
148568 287
148680 284
148792 280
148904 280
149016 271
149128 271
149240 255
149352 255
149464 255
149584 255
149696 255
149808 254
149920 252
150032 248
150144 243
150256 241
150368 240
150480 248
150600 255
150712 255
150824 280
150936 287
151048 295
151160 305
151272 316
151384 319
151500 334
151616 344
151728 352
151840 359
151952 368
152064 384
152180 384
152292 391
152404 399
152516 408
152632 415
152744 423
152860 432
152972 440
153084 448
153196 455
153308 463
153420 472
153532 476
153652 481
153764 487
153876 496
153988 504
154100 508
154212 513
154324 519
154436 527
154548 536
154668 540
154780 543
154892 551
155004 556
155116 560
155228 568
155340 572
155452 575
155564 575
155684 588
155796 591
155908 600
156020 604
156132 608
156244 609
156356 615
156468 620
156580 624
156700 632
156812 636
156924 639
157036 639
157148 639
157260 639
157376 655
157488 655
157600 664
157716 664
157828 670
157940 671
158056 671
158168 679
158280 684
158392 688
158504 689
158616 696
158732 696
158848 704
158960 704
159072 705
159184 707
159296 711
159408 716
159520 718
159632 719
159752 728
159864 728
159976 728
160088 736
160200 736
160312 736
160424 739
160536 737
160648 728
160768 718
160880 705
160992 696
161104 688
161216 675
161328 668
161440 655
161552 639
161664 639
161776 632
161896 624
162008 611
162120 608
162232 600
162344 590
162456 575
162572 574
162684 568
162796 556
162912 547
163024 543
163136 536
163248 527
163360 519
163472 512
163584 508
163696 497
163808 492
163928 483
164040 480
164152 472
164264 463
164376 460
164488 451
164600 448
164712 448
164824 440
164944 432
165056 423
165168 415
165280 414
165392 408
165504 401
165616 399
165732 391
165844 387
165960 384
166072 384
166184 376
166296 368
166412 364
166524 359
166636 353
166748 352
166860 348
166976 344
167092 335
167204 334
167316 327
167428 319
167540 319
167652 319
167764 312
167876 312
167996 305
168108 304
168220 295
168332 295
168444 287
168556 287
168668 286
168780 284
168892 280
169012 275
169124 271
169236 270
169348 255
169460 255
169572 255
169684 255
169796 255
169908 252
170028 252
170140 248
170252 243
170364 241
170476 240
170588 248
170700 255
170812 270
170928 280
171044 287
171156 302
171268 312
171380 319
171492 327
171608 335
171720 348
171832 353
171944 359
172060 376
172172 384
172288 387
172400 398
172512 408
172624 414
172736 415
172848 428
172960 433
173080 448
173192 449
173304 455
173416 463
173532 472
173644 480
173756 487
173872 494
173984 504
174100 508
174212 512
174324 519
174436 524
174548 527
174660 536
174772 543
174892 543
175004 551
175116 560
175228 568
175340 572
175452 575
175564 575
175676 583
175788 591
175908 600
176020 600
176132 608
176244 609
176356 615
176468 615
176580 624
176692 632
176804 632
176924 636
177036 639
177148 639
177260 639
177372 652
177484 655
177596 664
177708 664
177820 668
177940 671
178052 671
178164 679
178276 679
178388 688
178500 688
178616 696
178728 696
178840 704
178956 704
179068 704
179180 707
179296 711
179408 711
179520 718
179632 719
179744 719
179856 728
179972 728
180088 736
180200 736
180312 736
180424 737
180536 739
180648 732
180760 719
180872 711
180992 704
181104 689
181216 679
181328 671
181440 664
181552 654
181664 639
181776 636
181888 624
182008 615
182120 608
182232 600
182344 591
182456 575
182568 575
182680 568
182792 560
182904 551
183024 543
183136 536
183248 527
183360 519
183472 513
183584 508
183696 504
183812 496
183924 487
184040 480
184152 476
184264 467
184376 462
184492 455
184604 448
184716 448
184828 440
184940 432
185056 423
185172 419
185284 415
185396 409
185508 408
185620 399
185732 391
185844 387
185956 384
186076 384
186188 376
186300 369
186412 368
186524 359
186636 355
186748 352
186860 348
186972 344
187092 339
187204 335
187316 327
187428 319
187540 319
187652 319
187764 316
187876 312
187988 305
188108 304
188220 300
188332 295
188444 291
188556 287
188668 287
188780 284
188892 280
189008 280
189120 271
189236 271
189348 255
189460 255
189572 255
189688 255
189800 255
189912 254
190024 252
190136 248
190252 243
190364 240
190476 240
190588 248
190700 255
190812 255
190924 280
191036 287
191148 295
191268 305
191380 318
191492 319
191604 335
191716 344
191828 352
191940 359
192052 368
192168 384
192284 385
192396 391
192508 399
192620 412
192732 415
192848 423
192960 432
193072 440
193184 448
193300 455
193412 462
193528 472
193640 476
193752 481
193864 487
193976 496
194088 504
194200 510
194320 513
194432 519
194544 527
194656 536
194768 540
194880 543
194992 551
195104 556
195216 560
195336 568
195448 572
195560 575
195672 575
195784 588
195896 591
196008 600
196120 604
196232 608
196352 611
196464 615
196576 620
196688 624
196800 632
196912 636
197024 638
197136 639
197248 639
197368 639
197480 654
197592 655
197704 664
197816 664
197928 670
198044 671
198156 671
198268 679
198384 684
198496 688
198608 689
198724 696
198836 704
198948 704
199060 704
199172 704
199284 707
199400 711
199516 716
199628 719
199740 719
199852 728
199964 728
200076 728
200188 736
200300 736
200420 736
200532 739
200644 737
200756 728
200868 718
200980 705
201092 696
201204 688
201316 679
201436 668
201548 655
201660 639
201772 639
201884 632
201996 624
202108 611
202220 608
202332 600
202452 590
202564 575
202676 575
202796 568
202908 560
203020 547
203132 543
203244 536
203356 527
203472 519
203584 512
203696 508
203812 497
203924 494
204036 487
204152 480
204264 476
204376 465
204488 462
204600 455
204712 448
204824 448
204944 440
205056 432
205168 423
205280 415
205392 415
205504 408
205616 403
205728 399
205840 391
205960 387
206072 384
206184 384
206296 376
206408 368
206520 366
206632 359
206744 353
206856 352
206976 348
207088 344
207200 335
207312 335
207424 327
207536 319
207648 319
207760 318
207872 316
207992 312
208104 305
208216 304
208328 295
208440 295
208552 287
208668 287
208780 286
208892 284
209008 280
209120 275
209232 271
209348 270
209460 255
209572 255
209684 255
209796 255
209908 255
210024 252
210140 248
210252 248
210364 243
210476 240
210588 240
210700 248
210812 255
210924 255
211044 280
211156 287
211268 295
211380 312
211492 318
211604 327
211716 335
211828 344
211940 353
212060 359
212172 369
212284 384
212396 387
212508 391
212620 403
212732 412
212844 415
212956 423
213076 433
213188 448
213300 448
213412 455
213524 463
213636 472
213748 480
213860 483
213976 487
214092 496
214204 504
214316 511
214428 515
214540 519
214656 527
214768 536
214880 540
214992 543
215108 551
215220 558
215336 561
215448 568
215560 574
215672 575
215784 575
215896 588
216008 591
216128 600
216240 604
216352 608
216464 611
216576 615
216688 624
216800 624
216912 632
217024 636
217144 639
217256 639
217368 639
217480 639
217592 654
217704 655
217816 664
217928 668
218040 670
218160 671
218272 675
218384 679
218496 688
218608 688
218720 689
218832 696
218944 697
219056 704
219176 704
219288 705
219400 707
219512 711
219624 716
219736 718
219852 719
219964 728
220076 728
220192 732
220304 736
220416 736
220532 737
220644 739
220756 736
220868 728
220980 716
221092 704
221204 696
221320 688
221432 671
221544 668
221656 655
221768 639
221880 639
221992 632
222104 622
222216 611
222336 604
222448 595
222560 583
222672 575
222784 572
222896 561
223012 556
223124 543
223236 540
223352 536
223464 526
223576 519
223692 511
223804 504
223916 496
224028 487
224140 483
224252 480
224368 472
224484 463
224596 455
224708 451
224820 448
224932 440
225044 433
225156 432
225268 423
225388 415
225500 414
225612 408
225724 399
225836 396
225948 391
226060 385
226172 384
226284 384
226404 371
226516 368
226628 359
226740 359
226852 353
226964 352
227076 344
227188 344
227300 335
227420 334
227532 327
227644 319
227756 319
227868 316
227980 312
228092 312
228208 305
228320 304
228436 295
228548 295
228660 287
228772 287
228888 286
229000 280
229112 280
229224 271
229336 271
229452 270
229568 255
229680 255
229792 255
229904 255
230016 255
230128 252
230240 248
230352 248
230472 241
230584 240
230696 240
230808 252
230920 255
231032 271
231144 284
231256 287
231368 302
231480 312
231592 319
231704 327
231816 335
231932 348
232044 355
232156 364
232272 376
232384 384
232496 391
232612 398
232724 408
232836 414
232948 419
233060 428
233172 440
233284 448
233404 449
233516 455
233628 463
233740 472
233852 480
233964 483
234076 492
234188 497
234300 504
234420 512
234532 515
234644 524
234756 527
234868 536
234980 543
235092 543
235204 551
235316 560
235436 568
235548 568
235660 574
235772 575
235884 583
235996 590
236108 593
236220 600
236332 604
236452 608
236564 611
236676 615
236788 624
236900 632
237012 632
237128 636
237240 639
237352 639
237468 639
237580 652
237692 655
237808 659
237920 664
238032 668
238144 671
238256 671
238368 679
238484 679
238600 688
238712 688
238824 696
238936 696
239048 704
239160 704
239272 704
239384 705
239504 711
239616 711
239728 716
239840 719
239952 719
240064 728
240176 728
240288 732
240400 736
240520 736
240632 737
240744 739
240856 736
240968 719
241080 711
241192 704
241304 696
241416 684
241536 671
241648 664
241760 654
241872 639
241984 636
242096 625
242208 615
242324 608
242436 600
242552 591
242664 583
242776 575
242888 568
243004 560
243116 551
243228 543
243340 540
243452 529
243568 524
243684 515
243796 510
243908 504
244020 496
244132 487
244244 480
244356 476
244468 472
244588 463
244700 455
244812 449
244924 448
245036 440
245148 432
245260 428
245372 419
245484 415
245604 412
245716 408
245828 399
245940 391
246052 391
246164 384
246276 384
246388 384
246500 369
246620 368
246732 359
246844 355
246956 352
247068 352
247180 344
247292 339
247404 335
247520 327
247636 327
247748 319
247860 319
247972 316
248084 312
248200 312
248312 305
248424 304
248536 295
248652 291
248764 287
248880 287
248992 284
249104 280
249216 280
249328 271
249440 271
249552 255
249664 255
249780 255
249892 255
250004 255
250116 254
250228 252
250340 248
250452 248
250564 241
250676 240
250796 243
250908 254
251020 255
251132 275
251244 286
251356 291
251468 304
251580 312
251692 319
251812 332
251924 344
252036 352
252148 359
252260 368
252372 384
252484 384
252600 391
252712 399
252828 408
252940 415
253052 423
253164 432
253280 440
253392 448
253504 451
253616 462
253728 467
253844 476
253960 481
254072 487
254184 496
254296 504
254408 508
254520 512
254632 519
254744 526
254864 531
254976 536
255088 543
255200 547
255312 551
255424 560
255536 568
255648 572
255760 575
255880 575
255992 583
256104 591
256216 600
256328 600
256440 608
256552 609
256664 615
256776 620
256896 624
257008 632
257120 632
257232 638
257344 639
257456 639
257568 639
257680 654
257796 655
257912 664
258024 664
258136 670
258248 671
258360 671
258476 679
258588 679
258700 688
258812 688
258928 696
259040 696
259152 704
259268 704
259380 704
259492 707
259604 711
259716 711
259828 718
259944 719
260060 719
260172 728
260280 732
260400 736
260512 736
260624 736
260736 739
260848 736
260960 728
261072 716
261188 705
261300 696
261416 688
261528 671
261640 668
261752 655
261868 639
261980 639
262092 632
262204 622
262316 611
262428 608
262544 595
262656 588
262768 575
262880 572
262992 568
263104 556
263216 543
263328 540
263440 536
263560 526
263672 519
263784 512
263896 504
264008 496
264120 487
264232 483
264348 480
264460 472
264576 463
264688 455
264800 451
264912 448
265028 440
265140 433
265252 432
265364 423
265476 415
265592 414
265708 408
265820 399
265932 398
266044 391
266156 385
266268 384
266380 384
266492 376
266612 368
266724 359
266836 359
266948 353
267060 352
267172 344
267284 344
267396 335
267508 334
267628 327
267740 319
267852 319
267964 318
268076 312
268188 312
268300 305
268412 304
268524 295
268644 295
268756 287
268868 287
268980 286
269092 284
269204 280
269316 273
269428 271
269544 271
269660 255
269772 255
269884 255
269996 255
270108 255
270224 252
270336 248
270448 248
270560 243
270676 240
270788 240
270904 252
271016 255
271128 271
271240 284
271352 287
271464 302
271576 312
271696 319
271808 327
271920 335
272032 348
272144 353
272256 364
272368 376
272480 384
272592 387
272712 399
272824 408
272936 415
273048 419
273160 430
273272 440
273384 448
273496 449
273608 455
273728 463
273840 472
273952 480
274064 483
274176 492
274288 497
274400 504
274512 511
274624 515
274744 524
274856 527
274968 536
275080 542
275192 543
275304 551
275420 560
275532 568
275644 568
275760 575
275872 575
275984 583
276100 590
276212 591
276324 600
276436 604
276548 608
276660 611
276776 615
276892 624
277004 625
277116 632
277228 636
277340 639
277452 639
277564 639
277676 652
277788 655
277904 664
278016 664
278128 668
278240 671
278352 671
278464 679
278576 679
278688 688
278800 688
278920 696
279032 696
279144 704
279256 704
279368 704
279480 707
279592 711
279704 711
279820 718
279936 719
280048 719
280160 728
280272 728
280384 732
280500 736
280612 736
280724 737
280836 739
280952 736
281064 723
281180 711
281292 704
281404 696
281516 679
281628 671
281740 664
281852 655
281972 639
282084 636
282196 627
282308 615
282420 608
282532 600
282644 591
282756 583
282868 575
282988 568
283100 560
283212 551
283324 543
283436 536
283548 527
283660 519
283772 515
283884 510
284004 504
284116 496
284228 487
284340 480
284452 476
284564 472
284676 463
284788 455
284900 449
285020 448
285132 440
285244 432
285356 423
285468 423
285580 415
285696 412
285808 408
285920 399
286036 391
286148 391
286260 384
286376 384
286488 384
286600 369
286712 368
286824 359
286936 355
287052 352
287168 352
287280 344
287392 339
287504 335
287616 332
287728 327
287840 319
287952 319
288072 318
288184 312
288296 307
288408 305
288520 302
288632 295
288744 295
288856 287
288968 287
289088 284
289200 280
289316 280
289428 271
289540 271
289652 255
289764 255
289876 255
289988 255
290100 255
290220 254
290332 252
290444 248
290556 248
290668 241
290780 240
290892 240
291004 252
291116 255
291236 271
291348 284
291460 287
291572 304
291684 312
291796 319
291908 327
292020 339
292132 348
292244 355
292364 368
292476 376
292588 384
292700 391
292812 399
292924 408
293036 415
293148 423
293260 432
293380 440
293492 448
293604 451
293716 455
293828 463
293940 472
294052 480
294164 487
294276 494
294396 499
294508 508
294620 512
294732 519
294844 524
294956 527
295068 536
295180 542
295296 543
295412 551
295524 560
295636 568
295748 568
295860 575
295972 575
296088 583
296200 591
296312 591
296428 600
296540 608
296652 608
296768 611
296880 615
296992 624
297104 625
297216 632
297328 636
297444 639
297560 639
297672 639
297784 652
297896 655
298008 664
298120 664
298232 668
298344 671
298464 671
298576 679
298688 679
298800 688
298912 688
299024 696
299136 696
299248 704
299360 704
299480 704
299592 707
299704 711
299816 711
299928 718
300040 719
300152 719
300264 728
300376 728
300496 732
300608 736
300720 736
300832 737
300944 739
301056 736
301168 719
301284 711
301396 704
301512 696
301624 679
301736 671
301848 664
301964 654
302076 639
302188 636
302300 625
302412 615
302528 608
302644 600
302756 591
302868 575
302980 575
303092 568
303204 560
303316 551
303428 543
303548 536
303660 527
303772 519
303884 513
303996 508
304108 504
304220 496
304332 487
304444 480
304564 476
304676 472
304788 463
304900 455
305012 449
305124 448
305236 440
305348 432
305460 423
305580 419
305692 415
305804 412
305916 408
306028 399
306140 391
306252 387
306364 384
306480 384
306596 384
306708 368
306820 368
306932 359
307044 355
307160 352
307272 352
307384 344
307496 339
307612 335
307724 327
307840 327
307952 319
308064 319
308176 316
308288 312
308400 312
308512 304
308624 302
308740 295
308852 291
308964 287
309076 287
309188 284
309300 280
309412 280
309524 271
309636 271
309756 255
309868 255
309980 255
310092 255
310204 255
310316 254
310428 252
310540 248
310652 248
310772 241
310884 240
310996 243
311108 255
311220 255
311332 273
311444 286
311560 295
311672 304
311788 316
311900 319
312012 334
312124 344
312240 352
312352 359
312464 368
312576 384
312688 384
312804 391
312920 399
313032 408
313144 415
313256 423
313368 432
313480 440
313592 448
313704 451
313824 462
313936 467
314048 476
314160 480
314272 487
314384 496
314496 504
314608 508
314720 512
314840 519
314952 527
315064 531
315176 540
315288 543
315400 547
315512 556
315624 560
315736 568
315856 572
315968 575
316080 575
316192 583
316304 591
316416 600
316528 600
316640 608
316756 609
316872 615
316984 620
317096 624
317208 632
317320 632
317436 638
317548 639
317660 639
317772 639
317888 655
318000 655
318112 664
318228 668
318340 670
318456 671
318568 675
318680 679
318796 684
318908 688
319020 689
319132 696
319244 696
319356 704
319472 704
319588 705
319700 711
319812 711
319924 716
320036 719
320148 719
320260 728
320372 728
320492 732
320604 736
320716 736
320828 737
320940 739
321052 736
321164 728
321276 716
321388 705
321508 696
321620 688
321732 671
321844 668
321956 655
322068 639
322180 639
322292 632
322404 624
322524 611
322636 604
322748 600
322860 588
322972 575
323084 572
323196 561
323312 556
323424 543
323536 540
323652 536
323764 526
323876 519
323992 511
324104 504
324216 496
324328 492
324440 483
324552 480
324668 472
324784 463
324896 455
325008 451
325120 448
325232 440
325344 433
325456 432
325568 423
325688 415
325800 412
325912 408
326024 399
326136 398
326248 391
326360 385
326472 384
326584 384
326704 376
326816 368
326928 359
327040 359
327152 353
327264 352
327376 345
327488 344
327600 335
327720 334
327832 327
327944 319
328056 319
328168 319
328280 312
328392 312
328508 305
328620 304
328736 295
328848 295
328960 287
329072 287
329188 286
329300 280
329412 280
329524 271
329636 271
329752 271
329868 255
329980 255
330092 255
330204 255
330316 255
330428 252
330540 248
330652 248
330772 241
330884 240
330996 240
331108 252
331220 255
331332 271
331444 284
331556 287
331668 304
331788 312
331900 319
332012 327
332124 335
332236 348
332348 355
332460 366
332572 376
332684 384
332804 387
332916 399
333028 408
333140 414
333252 419
333364 432
333476 440
333588 448
333704 449
333820 455
333932 463
334044 472
334156 480
334268 483
334380 492
334496 499
334608 504
334720 511
334836 519
334948 524
335060 527
335176 536
335288 542
335400 543
335512 551
335624 560
335736 563
335852 568
335968 575
336080 575
336192 583
336304 590
336416 593
336528 600
336640 608
336752 608
336872 615
336984 615
337096 624
337208 625
337320 632
337432 636
337544 639
337656 639
337768 639
337888 654
338000 655
338112 659
338224 664
338336 668
338448 671
338560 671
338672 679
338784 679
338896 688
339016 688
339128 696
339240 696
339352 704
339464 704
339576 704
339692 707
339804 711
339916 711
340032 718
340144 719
340256 719
340368 728
340480 728
340592 732
340704 736
340816 736
340928 737
341048 739
341160 736
341272 719
341384 711
341496 704
341608 696
341720 684
341832 671
341944 664
342064 654
342176 639
342288 636
342400 625
342512 615
342624 608
342736 600
342852 591
342964 583
343080 575
343192 568
343304 560
343416 551
343532 543
343644 540
343756 527
343868 519
343980 515
344096 510
344212 504
344324 496
344436 487
344548 480
344660 476
344772 472
344884 463
344996 455
345116 449
345228 448
345340 440
345452 432
345564 428
345676 419
345788 415
345900 412
346012 408
346132 399
346244 391
346356 391
346468 385
346580 384
346692 384
346804 369
346916 368
347036 359
347148 359
347260 352
347372 352
347492 344
347604 339
347716 335
347828 334
347940 327
348052 319
348164 319
348276 318
348388 312
348508 312
348620 304
348732 304
348844 295
348956 295
349068 287
349180 287
349292 286
349404 280
349524 280
349636 271
349748 271
349860 270
349972 255
350084 255
350200 255
350312 255
350424 255
350540 252
350652 248
350764 248
350880 241
350992 240
351104 240
351216 252
351328 255
351440 271
351552 284
351668 287
351780 304
351892 312
352004 319
352116 327
352228 339
352340 348
352452 355
352564 368
352684 376
352796 384
352908 391
353020 399
353132 408
353244 415
353360 423
353472 432
353584 440
353700 448
353812 451
353924 455
354040 463
354152 473
354264 480
354376 483
354488 492
354600 497
354716 504
354832 512
354944 519
355056 526
355168 527
355280 536
355392 542
355504 543
355616 551
355736 560
355848 568
355960 569
356072 575
356184 575
356296 583
356408 591
356520 591
356632 600
356752 608
356864 608
356976 611
357088 615
357200 624
357312 625
357424 632
357536 636
357648 639
357768 639
357880 639
357992 652
358104 655
358216 664
358328 664
358440 668
358556 671
358668 671
358784 679
358896 679
359008 688
359120 688
359236 696
359348 696
359460 704
359572 704
359684 704
359800 707
359916 711
360028 711
360140 718
360252 719
360364 719
360476 728
360588 728
360700 732
360820 736
360932 736
361044 737
361156 743
361268 736
361380 719
361492 711
361604 704
361716 696
361836 679
361948 671
362060 664
362172 654
362284 639
362396 636
362508 625
362620 620
362732 608
362852 600
362964 591
363076 583
363188 575
363300 568
363412 560
363524 551
363636 543
363752 537
363868 527
363980 519
364092 513
364204 508
364316 504
364432 496
364544 487
364656 480
364768 476
364884 472
364996 463
365112 455
365224 448
365336 448
365448 440
365560 432
365672 428
365784 419
365904 415
366016 412
366128 408
366240 399
366352 391
366464 387
366576 384
366688 384
366800 384
366912 369
367032 368
367144 359
367256 355
367368 352
367480 352
367592 344
367704 337
367816 335
367928 327
368048 327
368160 319
368272 319
368384 316
368496 312
368608 307
368720 304
368832 302
368948 295
369064 291
369176 287
369288 287
369400 284
369512 280
369628 280
369740 271
369852 271
369964 255
370080 255
370192 255
370308 255
370420 255
370532 254
370644 252
370756 248
370868 243
370980 241
371100 240
371212 248
371324 255
371436 255
371548 280
371660 286
371772 295
371884 304
371996 316
372116 319
372228 334
372340 344
372452 352
372564 359
372676 368
372788 384
372900 384
373012 391
373132 399
373244 408
373356 415
373468 423
373580 432
373692 440
373804 448
373916 455
374028 463
374148 472
374260 480
374372 481
374484 487
374596 496
374708 504
374824 508
374936 513
375048 519
375164 527
375276 536
375388 540
375504 543
375616 551
375728 556
375840 560
375960 568
376072 575
376184 575
376296 583
376408 590
376520 595
376632 600
376744 608
376864 608
376976 611
377088 615
377200 624
377312 625
377424 632
377536 636
377648 639
377764 639
377880 639
377992 652
378104 655
378216 655
378328 664
378440 668
378552 671
378664 671
378776 679
378896 679
379008 688
379120 688
379232 696
379344 696
379456 704
379568 704
379684 704
379796 707
379912 711
380024 711
380136 718
380248 719
380364 719
380476 728
380588 728
380700 732
380812 736
380928 736
381044 739
381156 739
381268 736
381380 719
381492 711
381604 704
381716 696
381828 679
381948 671
382060 664
382172 654
382284 639
382396 636
382508 625
382620 615
382732 608
382844 600
382964 591
383076 583
383188 575
383300 568
383412 560
383524 551
383636 543
383748 536
383860 527
383980 519
384092 515
384204 510
384316 504
384428 496
384540 487
384652 481
384764 476
384880 472
384996 463
385108 455
385220 449
385332 448
385444 440
385556 432
385672 428
385784 423
385896 415
386012 412
386124 408
386236 399
386352 391
386464 387
386576 384
386688 384
386800 384
386912 369
387028 368
387144 359
387256 355
387368 352
387480 352
387592 344
387704 339
387816 335
387928 327
388048 327
388160 319
388272 319
388384 316
388496 312
388608 312
388720 304
388832 302
388944 295
389064 291
389176 287
389288 287
389400 284
389512 280
389624 280
389736 271
389848 271
389960 255
390080 255
390192 255
390304 255
390416 255
390528 254
390640 252
390752 248
390868 248
390980 241
391096 240
391208 248
391320 255
391432 255
391548 275
391660 287
391772 295
391884 304
391996 316
392112 319
392228 334
392340 344
392452 352
392564 359
392676 368
392788 384
392900 384
393012 391
393124 399
393240 408
393352 415
393464 423
393576 432
393688 440
393800 448
393912 451
394024 462
394136 467
394256 476
394368 481
394480 487
394592 496
394704 504
394816 508
394928 513
395040 519
395156 527
395272 536
395384 540
395496 543
395608 547
395720 556
395832 560
395948 568
396060 572
396172 575
396288 575
396400 583
396512 591
396628 600
396740 600
396852 608
396964 609
397076 615
397188 620
397304 624
397420 632
397532 632
397644 638
397756 639
397868 639
397980 639
398092 654
398204 655
398324 664
398436 664
398548 668
398660 671
398772 671
398884 679
398996 684
399108 688
399220 688
399340 696
399452 696
399564 704
399676 704
399788 705
399900 707
400012 711
400124 711
400236 718
400356 719
400468 723
400580 728
400692 728
400804 736
400916 736
401028 736
401144 739
401256 739
401372 728
401484 719
401596 707
401708 704
401824 688
401936 679
402048 671
402160 655
402272 652
402388 639
402504 632
402616 624
402728 615
402840 608
402952 600
403064 590
403176 575
403288 574
403408 568
403520 558
403632 547
403744 543
403856 536
403968 527
404080 519
404192 512
404304 508
404424 497
404536 492
404648 483
404760 480
404880 472
404992 467
405104 462
405216 455
405328 448
405440 448
405552 440
405664 432
405784 423
405896 419
406008 415
406120 408
406232 403
406344 399
406456 391
406568 387
406680 384
406800 384
406912 376
407024 368
407136 364
407248 359
407360 355
407472 352
407584 348
407696 344
407816 335
407928 335
408040 327
408152 319
408264 319
408376 319
408492 316
408604 312
408716 307
408832 304
408944 300
409056 295
409172 287
409284 287
409396 287
409508 284
409620 280
409732 275
409848 271
409964 270
410076 255
410188 255
410300 255
410412 255
410524 255
410636 252
410748 248
410868 248
410980 243
411092 240
411204 240
411316 248
411428 255
411540 255
411652 280
411764 287
411884 295
411996 307
412108 318
412220 319
412332 335
412444 344
412556 352
412668 359
412780 369
412900 384
413012 385
413124 391
413236 403
413348 412
413460 415
413572 423
413688 433
413800 440
413916 448
414028 455
414140 463
414252 472
414368 480
414480 483
414592 487
414704 496
414816 504
414932 510
415048 515
415160 519
415272 527
415384 536
415496 540
415608 543
415720 551
415832 556
415952 561
416064 568
416176 574
416288 575
416400 575
416512 588
416624 591
416736 600
416848 604
416968 608
417080 611
417192 615
417304 624
417416 624
417528 632
417640 636
417752 639
417864 639
417976 639
418096 639
418208 655
418320 655
418432 664
418544 668
418656 670
418768 671
418884 675
418996 679
419112 684
419224 688
419336 689
419448 696
419560 696
419672 704
419784 704
419896 705
420008 707
420128 711
420240 716
420352 719
420464 719
420576 728
420688 728
420804 728
420916 736
421028 736
421144 736
421256 739
421368 736
421484 728
421596 716
421708 705
421820 696
421932 688
422044 671
422160 668
422276 655
422388 639
422500 639
422612 632
422724 622
422836 611
422948 604
423060 600
423180 583
423292 575
423404 572
423516 568
423628 556
423740 543
423852 540
423964 536
424076 527
424196 519
424308 511
424420 504
424532 496
424644 487
424756 483
424868 480
424980 472
425092 463
425212 455
425324 451
425436 448
425548 440
425660 435
425772 432
425884 423
426000 415
426112 414
426228 408
426340 399
426452 398
426564 391
426680 385
426792 384
426904 384
427016 376
427128 368
427244 359
427360 359
427472 353
427584 352
427696 344
427808 344
427920 335
428032 334
428144 327
428264 319
428376 319
428488 318
428600 312
428712 312
428824 304
428936 304
429048 295
429160 295
429280 287
429392 287
429504 286
429616 280
429728 280
429840 271
429952 271
430064 255
430176 255
430296 255
430408 255
430520 255
430632 255
430744 252
430856 248
430968 248
431080 241
431196 240
431312 240
431424 254
431536 255
431648 271
431760 284
431876 287
431988 304
432100 312
432212 319
432328 327
432440 337
432556 352
432668 355
432780 368
432892 376
433004 384
433116 387
433228 399
433348 408
433460 415
433572 423
433684 432
433796 432
433912 440
434024 448
434140 455
434252 463
434364 472
434476 476
434588 481
434704 487
434816 496
434928 504
435040 508
435156 513
435268 519
435384 527
435496 536
435608 540
435720 543
435832 551
435944 556
436056 560
436176 568
436288 572
436400 575
436512 575
436624 583
436736 591
436848 600
436960 604
437072 608
437184 609
437304 615
437416 622
437528 624
437640 632
437752 632
437864 638
437976 639
438088 639
438200 639
438320 655
438432 655
438544 664
438656 664
438768 670
438880 671
438992 671
439104 679
439220 684
439336 688
439448 689
439560 696
439672 696
439784 704
439900 704
440012 705
440124 707
440236 711
440352 716
440464 719
440580 719
440692 728
440804 728
440916 728
441028 736
441140 736
441252 736
441372 739
441484 737
441596 728
441708 718
441820 707
441932 696
442044 688
442156 675
442268 670
442388 655
442500 639
442612 639
442724 632
442836 624
442948 611
443060 608
443172 600
443284 588
443404 575
443516 572
443628 568
443740 558
443852 547
443964 543
444076 536
444188 527
444300 519
444420 512
444532 504
444644 497
444756 492
444868 483
444980 480
445096 472
445208 463
445320 462
445436 451
445548 448
445660 448
445776 440
445888 432
446000 423
446112 415
446224 414
446336 408
446452 399
446568 398
446680 391
446792 387
446904 384
447016 384
447128 376
447240 368
447352 364
447472 359
447584 353
447696 352
447808 348
447920 344
448032 335
448144 334
448256 327
448368 319
448488 319
448600 318
448712 316
448824 312
448936 305
449048 304
449160 295
449272 295
449384 287
449504 287
449616 286
449728 284
449840 280
449952 275
450064 271
450176 270
450292 255
450404 255
450520 255
450632 255
450744 255
450856 252
450972 248
451084 248
451196 243
451308 240
451420 240
451536 248
451652 255
451764 271
451876 280
451988 287
452100 295
452212 312
452324 319
452436 327
452548 335
452668 348
452780 353
452892 364
453004 376
453116 384
453228 387
453340 398
453452 408
453564 414
453684 419
453796 428
453908 435
454020 448
454132 449
454244 455
454356 463
454468 472
454580 480
454700 483
454812 492
454924 497
455036 504
455148 511
455260 515
455372 519
455488 527
455600 536
455716 542
455828 543
455940 551
456052 560
456168 561
456280 568
456392 574
456504 575
456616 583
456732 590
456848 591
456960 600
457072 604
457184 608
457296 611
457408 615
457520 624
457632 625
457752 632
457864 636
457976 639
458088 639
458200 639
458312 647
458424 655
458536 655
458648 664
458768 668
458880 671
458992 671
459104 675
459216 679
459328 686
459440 688
459552 696
459664 696
459784 704
459896 704
460008 704
460120 705
460232 711
460344 711
460456 718
460568 719
460684 719
460800 728
460912 728
461024 732
461136 736
461248 736
461364 737
461476 739
461588 736
461700 728
461816 711
461928 704
462044 696
462156 684
462268 671
462380 664
462492 655
462604 639
