24 896
136 880
248 867
360 856
476 839
588 830
700 816
816 807
928 796
1040 783
1152 771
1264 768
1376 768
1492 737
1608 728
1720 719
1832 707
1944 704
2056 688
2168 679
2280 670
2392 655
2504 639
2624 639
2736 632
2848 624
2960 615
3072 608
3184 600
3296 590
3408 575
3520 574
3640 568
3752 556
3864 547
3976 542
4088 536
4200 527
4312 519
4424 512
4536 505
4656 497
4768 492
4880 483
4992 480
5104 472
5216 463
5332 460
5444 451
5556 448
5672 441
5784 435
5896 432
6012 423
6124 415
6236 414
6348 408
6460 403
6572 398
6688 391
6804 385
6916 384
7028 384
7140 376
7252 368
7364 359
7476 359
7588 353
7708 352
7820 344
7932 344
8044 335
8156 334
8268 327
8380 319
8492 319
8604 318
8724 312
8836 312
8948 305
9060 304
9172 295
9284 295
9396 287
9508 287
9620 286
9740 280
9852 280
9964 271
10076 271
10188 255
10300 255
10412 255
10528 255
10640 255
10756 254
10868 252
10980 248
11092 248
11208 243
11320 240
11432 240
11544 231
11656 231
11772 227
11888 227
12000 225
12112 224
12224 224
12336 216
12448 216
12560 216
12672 211
12792 207
12904 207
13016 206
13128 199
13240 199
13352 199
13464 195
13576 193
13688 192
13808 192
13920 192
14032 192
14144 188
14256 184
14368 184
14480 184
14592 177
14704 176
14824 176
14936 176
15048 174
15160 167
15272 167
15384 167
15496 167
15608 163
15724 163
15840 159
15952 159
16064 159
16176 159
16288 158
16404 156
16516 156
16628 152
16740 152
16856 152
16968 152
17084 152
17196 147
17308 143
17420 143
17532 143
17644 143
17756 142
17876 140
17988 135
18100 135
18212 135
18324 135
18436 135
18548 135
18660 127
18772 127
18884 127
19004 127
19116 127
19228 127
19340 127
19452 127
19564 127
19676 127
19788 127
19900 126
20020 124
20132 126
20244 124
20356 120
20468 120
20580 120
20692 120
20804 120
20920 120
21036 120
21148 120
21260 120
21372 113
21484 113
21600 113
21712 113
21824 113
21936 113
22052 112
22164 112
22280 112
22392 112
22504 112
22616 110
22728 110
22840 110
22952 108
23072 103
23184 103
23296 103
23408 103
23520 103
23632 103
23744 103
23856 103
23968 103
24088 103
24200 103
24312 103
24424 99
24536 99
24648 99
24760 99
24872 99
24984 99
25104 99
25216 97
25328 97
25440 99
25552 97
25664 97
25776 96
25888 96
26000 96
26120 96
26232 96
26344 96
26456 96
26568 96
26680 96
26796 96
26908 96
27020 96
27136 96
27248 96
27360 94
27476 96
27588 96
27700 94
27812 94
27924 92
28036 92
28152 92
28268 92
28380 92
28492 92
28604 92
28716 92
28828 92
28948 92
29060 92
29172 89
29284 88
29396 92
29508 88
29620 88
29732 88
29852 88
29964 88
30076 88
30188 88
30300 88
30412 88
30524 88
30636 88
30748 88
30860 88
30980 88
31092 88
31204 88
31316 88
31428 88
31540 88
31652 88
31764 88
31880 83
31996 88
32108 88
32220 88
32332 83
32444 88
32556 88
32668 83
32780 88
32892 83
33012 83
33124 83
33236 83
33348 83
33460 83
33572 83
33684 83
33800 83
33912 83
34028 81
34140 81
34252 81
34364 81
34480 83
34592 81
34704 79
34816 81
34928 79
35044 79
35160 79
35272 79
35384 79
35496 79
35608 81
35720 79
35832 79
35944 79
36064 79
36176 79
36288 79
36400 79
36512 79
36624 79
36736 79
36848 79
36960 79
37080 79
37192 79
37304 79
37416 79
37528 79
37640 79
37752 79
37864 79
37976 79
38096 79
38208 79
38320 79
38432 79
38544 79
38656 79
38768 79
38880 79
38996 79
39112 79
39224 79
39336 79
39448 79
39560 79
39676 79
39788 79
39900 79
40012 79
40128 79
40240 79
40356 79
40468 79
40580 79
40692 79
40804 79
40916 79
41028 79
41148 79
41260 79
41372 79
41484 79
41596 79
41708 79
41820 79
41932 79
42044 79
42164 79
42276 79
42388 79
42500 79
42612 79
42724 79
42836 79
42948 79
43060 79
43180 78
43292 79
43404 79
43516 79
43628 79
43740 79
43852 78
43964 79
44076 79
44196 79
44308 79
44420 79
44532 79
44644 78
44756 78
44872 78
44984 79
45096 79
45212 79
45324 78
45436 78
45552 79
45664 79
45776 78
45888 78
46000 78
46112 79
46228 78
46344 78
46456 78
46568 78
46680 78
46792 78
46904 78
47016 79
47128 79
47240 79
47356 76
47468 78
47580 92
47692 103
47804 115
47916 127
48028 142
48140 152
48252 163
48372 176
48484 192
48596 199
48708 207
48820 224
48932 231
49044 241
49156 255
49272 255
49388 271
49500 286
49612 291
49724 304
49836 312
49952 319
50064 327
50176 339
50288 352
50404 359
50516 368
50632 384
50744 384
50856 391
50968 399
51080 408
51192 415
51304 423
51424 432
51536 440
51648 448
51760 451
51872 460
51984 465
52096 472
52208 480
52320 487
52440 496
52552 504
52664 508
52776 512
52888 519
53000 526
53112 529
53224 536
53336 543
53456 543
53568 551
53680 560
53792 568
53904 572
54016 575
54128 575
54240 583
54352 591
54472 595
54584 600
54696 608
54808 608
54920 615
55032 615
55148 624
55260 632
55372 632
55488 638
55600 639
55712 639
55828 639
55940 654
56052 655
56164 664
56276 664
56388 670
56504 671
56620 671
56732 679
56844 679
56956 688
57068 688
57180 696
57292 696
57404 704
57524 704
57636 705
57748 707
57864 711
57976 711
58088 718
58200 719
58312 719
58424 728
58536 728
58652 736
58768 736
58880 736
58992 739
59104 743
59216 743
59332 748
59444 752
59556 768
59668 768
59784 768
59896 768
60012 768
60124 768
60236 768
60348 768
60460 768
60572 771
60684 771
60804 775
60916 775
61028 780
61140 782
61252 783
61364 783
61476 783
61588 792
61700 792
61820 792
61932 796
62044 796
62156 798
62268 799
62380 799
62492 799
62604 799
62716 803
62836 807
62948 807
63060 807
63172 812
63284 812
63396 814
63508 816
63620 816
63732 816
63852 817
63964 824
64076 824
64188 824
64300 824
64412 824
64528 828
64640 830
64752 828
64868 831
64980 831
65092 831
65208 831
65320 831
65432 831
65544 831
65656 831
65768 839
65884 839
66000 839
66112 839
66224 839
66336 839
66448 844
66560 846
66672 846
66784 846
66904 847
67016 847
67128 847
67240 847
67352 847
67464 847
67576 856
67688 856
67800 856
67920 856
68032 856
68144 856
68256 856
68368 856
68480 860
68592 860
68704 860
68816 860
68936 860
69048 860
69160 864
69272 864
69384 864
69496 864
69608 864
69724 864
69836 864
69948 864
70064 864
70176 865
70288 865
70404 865
70516 867
70628 867
70740 867
70852 867
70964 867
71080 871
71196 871
71308 871
71420 871
71532 871
71644 871
71756 871
71868 871
71980 871
72100 871
72212 876
72324 876
72436 876
72548 876
72660 876
72772 880
72884 876
72996 878
73116 880
73228 880
73340 880
73452 880
73564 880
73676 880
73788 880
73900 880
74012 880
74132 880
74244 880
74356 880
74468 880
74580 880
74692 881
74804 880
74920 880
75032 888
75148 881
75260 881
75372 888
75484 888
75600 888
75712 888
75824 888
75936 888
76048 888
76164 888
76280 888
76392 888
76504 888
76616 888
76728 888
76840 888
76952 896
77064 888
77184 888
77296 888
77408 896
77520 896
77632 896
77744 896
77856 896
77968 896
78080 896
78200 896
78312 896
78424 896
78536 896
78648 896
78760 896
78872 896
78984 896
79096 896
79216 896
79328 896
79440 896
79552 896
79664 896
79776 896
79888 896
80000 896
80116 896
80232 896
80344 896
80456 896
80568 896
80680 896
80796 896
80908 896
81020 896
81132 896
81248 896
81360 896
81476 896
81588 896
81700 896
81812 896
81924 896
82036 896
82148 896
82268 896
82380 896
82492 896
82604 896
82716 896
82828 896
82940 896
83052 896
83164 896
83284 896
83396 896
83508 896
83620 896
83732 896
83844 896
83956 896
84068 896
84180 896
84300 896
84412 896
84524 896
84636 896
84748 896
84860 896
84972 896
85084 896
85196 896
85312 896
85428 896
85540 896
85652 896
85764 896
85876 896
85992 896
86104 896
86216 896
86328 896
86444 896
86556 896
86668 896
86780 896
86892 896
87012 896
87124 896
87236 896
87348 896
87460 896
87572 896
87684 896
87796 896
87912 896
88024 896
88140 896
88252 896
88364 896
88476 896
88592 896
88704 896
88816 896
88928 896
89040 896
89156 896
89268 896
89380 896
89492 896
89604 896
89716 896
89828 896
89940 896
90052 896
90172 896
90284 896
90396 896
90508 896
90620 896
90732 896
90844 896
90956 896
91072 896
91188 897
91300 896
91412 896
91524 896
91636 897
91752 896
91864 896
91976 896
92088 896
92204 896
92316 896
92432 896
92544 896
92656 896
92768 896
92880 896
92992 896
93104 896
93224 896
93336 896
93448 896
93560 896
93672 897
93784 896
93896 896
94008 897
94120 896
94240 897
94352 896
94464 897
94576 896
94688 897
94800 897
94912 896
95024 896
95136 897
95256 897
95368 896
95480 896
95592 897
95704 897
95816 896
95928 880
96040 865
96152 856
96272 839
96384 830
96496 816
96608 803
96720 792
96832 782
96948 769
97060 768
97172 752
97288 736
97400 728
97512 718
97628 705
97740 696
97852 688
97964 675
98076 668
98188 655
98304 639
98420 639
98532 632
98644 624
98756 611
98868 608
98980 600
99092 583
99204 575
99324 572
99436 561
99548 556
99660 543
99772 542
99884 536
99996 526
100108 519
100220 512
100340 504
100452 496
100564 487
100676 483
100788 480
100900 472
101012 463
101124 455
101236 451
101356 448
101468 440
101580 433
101692 432
101804 423
101916 415
102028 414
102144 408
102256 399
102372 398
102484 391
102596 385
102708 384
102824 384
102936 371
103048 368
103160 359
103272 359
103388 353
103504 352
103616 344
103728 344
103840 335
103952 334
104064 327
104176 319
104288 319
104400 318
104516 312
104628 312
104740 304
104852 304
104964 295
105076 295
105188 287
105300 287
105412 286
105532 280
105644 280
105756 271
105868 271
105980 255
106092 255
106204 255
106316 255
106432 255
106548 254
106660 252
106772 248
106884 248
106996 241
107108 240
107224 238
107336 231
107448 231
107564 227
107676 227
107788 224
107904 224
108016 224
108128 220
108240 216
108352 216
108464 211
108580 207
108696 207
108808 206
108920 199
109032 199
109144 199
109256 195
109368 193
109480 192
109600 192
109712 192
109824 192
109936 188
110048 184
110160 184
110272 184
110384 177
110496 176
110616 176
110728 176
110840 174
110952 167
111064 167
111176 167
111288 167
111400 163
111512 163
111632 159
111744 159
111856 159
111968 159
112080 158
112192 158
112304 156
112416 156
112532 152
112648 152
112760 152
112872 152
112984 147
113096 143
113212 143
113324 143
113436 143
113548 143
113664 142
113776 135
113892 135
114004 135
114116 135
114228 135
114340 135
114452 127
114564 127
114684 127
114796 127
114908 127
115020 127
115132 127
115244 127
115356 127
115468 127
115580 127
115696 126
115816 124
115928 124
116040 124
116152 124
116264 120
116376 120
116488 120
116604 120
116716 120
116832 120
116944 120
117056 120
117168 115
117284 113
117396 113
117508 113
117620 113
117732 112
117848 112
117960 112
118076 112
118188 112
118300 112
118412 112
118524 110
118636 108
118748 103
118868 110
118980 103
119092 103
119204 103
119316 103
119428 103
119540 103
119652 103
119764 103
119884 103
119996 103
120108 103
120220 99
120332 103
120444 99
120556 99
120668 99
120780 99
120892 99
121012 99
121124 97
121236 97
121348 97
121460 97
121572 96
121684 96
121796 96
121912 96
122028 96
122140 96
122252 96
122364 96
122476 96
122592 96
122704 96
122816 96
122928 96
123044 96
123156 94
123272 96
123384 96
123496 94
123608 92
123720 92
123832 94
123944 92
124064 92
124176 92
124288 92
124400 92
124512 92
124624 92
124736 92
124848 92
124960 88
125080 88
125192 88
125304 88
125416 88
125528 92
125640 88
125752 88
125864 88
125976 88
126096 88
126208 88
126320 88
126432 88
126544 88
126656 88
126768 88
126880 88
126992 88
127112 88
127224 88
127336 88
127448 88
127560 88
127672 88
127788 88
127900 88
128012 88
128128 88
128240 88
128352 83
128468 83
128580 88
128692 83
128804 83
128916 83
129028 83
129144 83
129260 83
129372 83
129484 81
129596 83
129708 81
129820 83
129932 83
130044 81
130164 83
130276 81
130388 81
130500 81
130612 79
130724 81
130836 81
130948 79
131060 83
131180 79
131292 81
131404 79
131516 79
131628 79
131740 79
131852 79
131964 79
132076 79
132196 79
132308 79
132420 79
132532 79
132644 79
132756 79
132868 79
132984 79
133096 79
133212 79
133324 79
133436 79
133548 79
133664 79
133776 79
133888 79
134000 79
134112 79
134228 79
134344 79
134456 79
134568 79
134680 79
134792 79
134904 79
135016 79
135128 79
135248 79
135360 79
135472 79
135584 79
135696 79
135808 79
135920 79
136032 79
136144 79
136256 79
136376 79
136488 79
136600 79
136712 79
136824 79
136936 79
137048 79
137160 79
137272 79
137392 79
137504 79
137616 79
137728 79
137840 79
137952 79
138064 79
138176 79
138288 79
138408 79
138520 79
138632 78
138744 79
138856 79
138968 79
139080 79
139192 79
139308 79
139424 79
139536 79
139648 79
139760 79
139872 79
139984 79
140100 79
140212 79
140324 79
140440 79
140552 79
140664 78
140780 79
140892 79
141004 78
141116 79
141228 79
141340 79
141456 79
141572 79
141684 78
141796 78
141908 79
142020 79
142132 79
142244 79
142356 78
142476 78
142588 78
142700 78
142812 78
142924 78
143036 78
143148 79
143260 79
143372 92
143492 103
143604 120
143716 127
143828 143
143940 156
144052 167
144164 177
144276 192
144388 199
144508 216
144628 224
144740 231
144852 248
144964 255
145076 255
145188 275
145300 286
145412 295
145524 304
145644 316
145756 319
145868 334
145980 344
146092 352
146204 359
146316 368
146432 384
146544 384
146660 391
146772 399
146884 408
146996 415
147112 423
147224 432
147336 440
147448 448
147560 451
147676 462
147792 472
147904 476
148016 480
148128 487
148240 496
148352 504
148464 508
148576 513
148696 519
148808 527
148920 536
149032 540
149144 543
149256 547
149368 556
149480 560
149592 568
149712 572
149824 575
149936 575
150048 583
150160 591
150272 600
150384 600
150496 608
150608 609
150728 615
150840 620
150952 624
151064 632
151176 632
151288 638
151400 639
151512 639
151628 639
151744 655
151856 655
151968 664
152080 664
152192 670
152308 671
152420 671
152532 679
152644 684
152760 688
152872 689
152988 696
153100 696
153212 704
153324 704
153436 705
153548 707
153660 711
153780 711
153892 718
154004 719
154116 728
154228 728
154340 728
154452 736
154564 736
154676 736
154796 739
154908 739
155020 743
155132 748
155244 768
155356 768
155468 768
155580 768
155692 768
155812 768
155924 768
156036 768
156148 768
156260 769
156372 771
156484 775
156596 775
156708 775
156824 782
156940 782
157052 783
157164 783
157276 783
157388 792
157504 792
157616 792
157728 796
157840 796
157956 798
158068 799
158180 799
158292 799
158404 799
158516 807
158628 807
158740 807
158852 807
158972 812
159084 812
159196 816
159308 816
159420 816
159532 817
159644 824
159756 824
159872 824
159988 824
160100 824
160212 824
160324 828
160436 828
160548 828
160664 830
160776 831
160888 831
161004 831
161116 831
161228 831
161344 831
161456 831
161568 831
161680 831
161792 839
161904 839
162020 839
162136 844
162248 846
162360 844
162472 846
162584 847
162696 847
162808 847
162920 847
163040 847
163152 847
163264 847
163376 856
163488 856
163600 856
163712 856
163824 856
163936 856
164056 856
164168 857
164280 860
164392 860
164504 860
164616 860
164728 864
164840 864
164952 864
165072 864
165184 864
165296 864
165408 864
165520 864
165632 864
165744 864
165860 865
165972 865
166088 867
166200 867
166312 867
166424 867
166536 867
166652 871
166764 870
166876 871
166988 871
167104 871
167216 871
167332 871
167444 871
167556 871
167668 871
167780 873
167892 871
168004 876
168124 876
168236 876
168348 878
168460 876
168572 878
168684 876
168796 878
168908 880
169020 880
169140 880
169252 880
169364 880
169476 880
169588 880
169700 880
169812 880
169924 880
170036 880
170156 880
170268 880
170380 880
170492 881
170604 880
170716 881
170828 888
170940 881
171052 881
171172 883
171284 888
171396 888
171508 888
171620 888
171732 888
171848 888
171960 888
172072 888
172188 888
172300 888
172412 888
172528 888
172640 888
172752 888
172864 888
172976 888
173088 896
173200 888
173316 896
173428 896
173544 896
173656 896
173768 896
173884 896
173996 896
174108 896
174220 896
174332 896
174444 896
174556 896
174668 896
174780 896
174900 896
175012 896
175124 896
175236 896
175348 896
175460 896
175572 896
175684 896
175796 896
175916 896
176028 896
176140 896
176252 896
176364 896
176476 896
176588 896
176704 896
176816 896
176932 896
177044 896
177156 896
177268 896
177384 896
177496 896
177608 896
177720 896
177832 896
177948 896
178064 896
178176 896
178288 896
178400 896
178512 896
178624 896
178736 896
178848 896
178968 896
179080 896
179192 896
179304 896
179416 896
179528 896
179640 896
179752 896
179864 896
179984 896
180096 896
180208 896
180320 896
180432 896
180544 896
180656 896
180768 896
180880 896
181000 896
181112 896
181224 896
181336 896
181448 896
181560 896
181672 896
181784 896
181900 896
182016 896
182128 896
182240 896
182352 896
182464 896
182580 896
182692 896
182804 896
182916 896
183032 896
183144 896
183260 896
183372 896
183484 896
183596 896
183708 896
183820 896
183932 896
184052 896
184164 896
184276 896
184388 896
184500 896
184612 896
184724 896
184836 896
184948 896
185068 896
185180 896
185292 896
185404 896
185516 896
185628 896
185740 896
185852 896
185964 897
186084 896
186196 896
186308 896
186420 896
186532 896
186644 896
186756 896
186868 896
186980 896
187100 896
187212 896
187324 896
187436 896
187548 897
187660 896
187776 896
187888 896
188000 896
188116 896
188228 897
188340 896
188456 896
188568 897
188680 896
188792 897
188904 896
189016 896
189128 896
189244 896
189356 897
189468 896
189580 896
189692 897
189804 896
189916 897
190028 897
190140 897
190260 896
190372 896
190484 897
190596 896
190708 896
190820 896
190936 896
191048 897
191160 897
191276 897
191388 897
191500 897
191616 896
191728 878
191840 864
191952 856
192064 839
192176 828
192292 816
192408 799
192520 792
192632 780
192744 768
192856 768
192968 743
193080 736
193192 728
193312 716
193424 704
193536 696
193648 688
193760 671
193872 668
193984 655
194096 639
194208 639
194328 632
194440 620
194552 611
194664 604
194776 591
194888 583
195000 575
195112 572
195224 561
195344 551
195456 543
195568 542
195680 536
195792 526
195904 515
196016 511
196132 504
196244 496
196360 492
196472 483
196584 480
196696 472
196812 463
196924 455
197036 451
197148 448
197260 440
197376 433
197492 430
197604 423
197716 415
197828 412
197940 408
198052 399
198164 398
198276 391
198396 385
198508 384
198620 384
198732 371
198844 368
198956 359
199068 355
199180 353
199292 352
199412 344
199524 339
199636 335
199748 327
199860 327
199972 319
200084 319
200196 318
200308 312
200428 312
200540 304
200652 304
200764 295
200876 295
200988 287
201100 287
201212 284
201328 280
201444 280
201556 271
201668 271
201780 255
201892 255
202008 255
202120 255
202232 255
202344 254
202464 252
202576 248
202688 248
202800 241
202912 240
203032 236
203144 231
203256 231
203368 227
203480 227
203592 224
203704 224
203816 220
203928 216
204048 216
204160 216
204272 207
204384 207
204496 207
204608 199
204720 199
204832 199
204944 199
205056 195
205176 193
205288 192
205400 192
205512 192
205624 192
205736 188
205848 184
205960 184
206076 179
206192 177
206304 176
206416 176
206528 176
206640 172
206752 167
206864 167
206976 167
207088 167
207208 163
207320 163
207432 159
207544 159
207656 159
207768 159
207880 158
207996 156
208108 156
208224 152
208336 152
208448 152
208560 152
208676 147
208788 147
208900 143
209012 143
209124 143
209240 143
209356 143
209468 142
209580 135
209692 135
209804 135
209916 135
210028 135
210140 135
210260 127
210372 127
210484 127
210596 127
210708 127
210820 127
210932 127
211044 127
211156 127
211276 127
211388 127
211500 126
211612 124
211724 124
211836 124
211948 124
212060 120
212172 120
212292 120
212404 120
212516 120
212628 120
212740 120
212852 115
212964 115
213076 113
213192 113
213308 112
213420 112
213532 112
213644 112
213756 112
213872 112
213984 112
214096 112
214208 110
214324 110
214436 110
214552 103
214664 103
214776 103
214888 103
215000 103
215112 103
215224 103
215344 103
215456 103
215568 103
215680 103
215792 103
215904 103
216016 103
216128 99
216240 99
216360 99
216472 99
216584 99
216696 99
216808 99
216920 99
217032 97
217144 97
217256 97
217376 97
217488 96
217600 97
217712 96
217824 96
217936 96
218048 96
218160 96
218272 96
218392 96
218504 96
218616 96
218728 96
218840 96
218952 96
219068 96
219180 94
219292 96
219408 92
219520 94
219632 92
219748 92
219860 92
219972 92
220084 92
220196 92
220308 92
220424 92
220540 92
220652 92
220764 88
220876 88
220988 88
221100 88
221212 89
221324 88
221436 88
221552 88
221664 88
221776 88
221888 88
222000 88
222112 88
222224 88
222336 88
222448 88
222568 88
222680 88
222792 88
222904 88
223016 88
223128 88
223240 88
223352 88
223468 88
223584 88
223696 88
223808 88
223920 88
224032 88
224148 88
224260 83
224372 88
224484 83
224600 88
224712 83
224828 83
224940 83
225052 83
225164 83
225276 83
225388 81
225500 83
225620 83
225732 81
225844 81
225956 81
226068 81
226180 81
226292 83
226404 81
226516 79
226636 79
226748 79
226860 79
226972 79
227084 79
227196 79
227308 79
227420 81
227532 79
227652 79
227764 79
227876 79
227988 79
228100 79
228212 79
228324 79
228436 79
228548 79
228668 79
228780 79
228892 79
229004 79
229116 79
229228 79
229344 79
229456 79
229568 79
229684 79
229796 79
229908 79
230024 79
230136 79
230248 79
230360 79
230472 79
230584 79
230700 79
230816 79
230928 79
231040 79
231152 79
231264 79
231376 79
231492 79
231604 79
231716 79
231828 79
231940 79
232052 79
232164 79
232280 79
232396 79
232508 79
232620 79
232732 79
232844 79
232956 79
233068 79
233180 79
233300 79
233412 79
233524 79
233636 79
233748 79
233860 79
233972 79
234084 79
234196 79
234316 79
234428 79
234540 79
234652 79
234764 79
234876 79
234988 79
235100 79
235212 79
235324 79
235444 79
235556 79
235668 79
235780 79
235892 78
236004 79
236116 79
236228 79
236344 79
236460 79
236572 79
236684 78
236796 78
236908 79
237020 79
237132 79
237244 78
237356 79
237476 79
237588 79
237700 79
237812 79
237924 79
238036 78
238148 78
238264 79
238376 79
238492 79
238604 78
238716 79
238828 78
238944 78
239056 79
239168 96
239280 103
239392 120
239508 127
239620 143
239736 156
239848 167
239960 177
240072 192
240184 199
240296 216
240408 224
240528 231
240640 248
240752 255
240864 255
240976 280
241088 287
241200 295
241312 305
241424 316
241544 319
241656 335
241768 344
241880 352
241992 359
242104 368
242216 384
242328 384
242440 391
242560 401
242672 412
242784 415
242896 423
243008 432
243120 440
243232 448
243344 455
243456 463
243576 472
243688 476
243800 481
243912 487
244024 496
244136 504
244252 510
244364 513
244476 519
244592 527
244704 536
244816 540
244932 543
245044 551
245156 556
245268 560
245380 568
245492 572
245608 575
245724 575
245836 583
245948 591
246060 600
246172 600
246284 608
246396 609
246508 615
246628 620
246740 624
246852 632
246964 636
247076 638
247188 639
247300 639
247412 639
247524 654
247644 655
247756 664
247868 668
247980 670
248092 671
248204 671
248316 679
248428 679
248540 688
248660 689
248772 696
248884 696
248996 704
249108 704
249220 705
249332 707
249448 711
249560 716
249676 719
249788 719
249900 728
250012 728
250128 729
250240 736
250352 736
250464 736
250576 739
250692 743
250808 743
250920 748
251032 768
251144 768
251256 768
251368 768
251480 768
251592 768
251704 768
251820 768
251932 768
252044 769
252156 771
252268 775
252380 775
252492 775
252604 780
252716 782
252836 783
252948 783
253060 783
253172 792
253284 792
253396 792
253508 796
253620 796
253736 798
253852 799
253964 799
254076 799
254188 799
254300 799
254412 807
254528 807
254640 807
254752 812
254868 814
254980 816
255092 816
255208 816
255320 817
255432 824
255544 824
255656 824
255768 824
255884 824
256000 824
256112 828
256224 828
256336 830
256448 830
256560 831
256672 831
256784 831
256904 831
257016 831
257128 831
257240 831
257352 831
257464 839
257576 839
257688 839
257800 839
257920 844
258032 844
258144 844
258256 846
258368 847
258480 847
258592 847
258704 847
258816 847
258936 847
259048 847
259160 856
259272 856
259384 856
259496 856
259608 856
259724 856
259836 856
259952 860
260064 856
260176 860
260284 860
260396 860
260508 860
260620 864
260732 864
260844 864
260964 864
261076 864
261188 864
261300 864
261412 864
261524 864
261636 865
261752 865
261864 865
261980 867
262092 867
262204 867
262316 867
262432 867
262544 871
262656 871
262768 871
262880 871
262996 871
263112 871
263224 871
263336 871
263448 871
263560 871
263672 876
263784 876
263896 876
264016 876
264128 876
264240 880
264352 876
264464 878
264576 880
264688 880
264800 880
264912 880
265024 880
265144 880
265256 880
265368 880
265480 880
265592 880
265704 880
265816 880
265928 880
266040 881
266160 880
266272 881
266384 880
266496 881
266608 881
266720 880
266832 881
266948 881
267060 881
267176 888
267288 888
267400 888
267512 888
267624 888
267740 888
267852 888
267964 888
268076 888
268192 888
268304 888
268420 888
268532 888
268644 888
268756 896
268868 896
268980 896
269092 896
269212 896
269324 896
269436 896
269548 896
269660 896
269772 896
269884 896
269996 896
270108 896
270228 896
270340 896
270452 896
270564 896
270676 896
270788 896
270900 896
271012 896
271124 896
271244 896
271356 896
271468 896
271580 896
271692 896
271804 896
271916 896
272028 896
272140 896
272260 896
272372 896
272484 896
272596 896
272708 896
272820 896
272936 896
273048 896
273160 896
273276 896
273388 896
273500 896
273616 896
273728 896
273840 896
273952 896
274064 896
274176 896
274292 896
274408 896
274520 896
274632 896
274744 896
274856 896
274968 896
275080 896
275192 896
275312 896
275424 896
275536 896
275648 896
275760 896
275872 896
275984 896
276096 896
276208 896
276328 896
276440 896
276552 896
276664 896
276776 896
276888 896
277000 896
277112 896
277224 896
277344 896
277456 896
277568 896
277680 896
277792 896
277904 896
278016 896
278132 896
278244 896
278360 896
278472 896
278584 896
278696 896
278812 896
278924 896
279036 896
279148 896
279260 896
279376 896
279492 896
279604 896
279716 896
279828 896
279940 896
280052 896
280164 896
280276 896
280388 896
280508 896
280620 896
280732 896
280844 896
280956 896
281068 896
281180 896
281292 896
281404 896
281524 896
281636 896
281748 896
281860 896
281972 896
282084 896
282196 896
282308 896
282420 896
282540 897
282652 896
282764 896
282876 896
282988 896
283100 896
283212 896
283328 896
283440 896
283556 896
283668 897
283780 896
283892 896
284008 896
284120 896
284232 896
284344 896
284456 896
284572 896
284688 897
284800 896
284912 896
285024 896
285136 896
285248 897
285360 896
285472 897
285592 897
285704 897
285816 896
285928 896
286040 896
286152 896
286264 896
286376 896
286488 896
286608 896
286720 897
286832 896
286944 897
287056 897
287168 897
287280 897
287392 896
287504 876
287624 864
287736 847
287848 831
287960 825
288072 816
288184 799
288296 792
288408 780
288524 768
288640 768
288752 743
288864 736
288976 728
289088 711
289200 704
289312 696
289428 688
289540 671
289656 668
289768 655
289880 639
289992 638
290108 632
290220 620
290332 611
290444 604
290556 591
290672 583
290788 575
290900 572
291012 561
291124 551
291236 543
291348 540
291460 536
291572 526
291692 519
291804 511
291916 504
292028 496
292140 487
292252 481
292364 480
292476 472
292588 463
292708 455
292820 451
292932 448
293044 440
293156 433
293268 430
293380 423
293492 415
293604 412
293724 408
293836 399
293948 398
294060 391
294172 384
294284 384
294396 384
294508 371
294624 368
294740 359
294852 355
294964 352
295076 352
295188 344
295300 339
295416 335
295528 327
295640 327
295756 319
295868 319
295980 316
296096 312
296208 312
296320 304
296432 304
296544 295
296656 291
296768 287
296888 287
297000 284
297112 280
297224 280
297336 271
297448 271
297560 255
297672 255
297784 255
297904 255
298016 255
298128 254
298240 252
298352 248
298464 243
298576 240
298688 240
298800 238
298920 231
299032 231
299144 227
299256 225
299368 224
299480 224
299592 220
299704 216
299816 216
299936 216
300048 207
300160 207
300272 207
300384 206
300496 199
300612 199
300724 199
300836 195
300952 193
301064 192
301176 192
301292 192
301404 192
301516 188
301628 184
301740 184
301852 184
301968 177
302084 177
302196 176
302308 176
302420 174
302532 167
302644 167
302756 167
302868 167
302988 163
303100 163
303212 159
303324 159
303436 159
303548 159
303660 158
303772 158
303884 156
304004 152
304116 152
304228 152
304340 152
304452 147
304564 147
304676 143
304788 143
304900 143
305020 143
305132 143
305244 142
305356 135
305468 135
305580 135
305692 135
305808 135
305920 135
306036 127
306148 127
306260 127
306372 127
306488 127
306600 127
306712 127
306824 127
306936 127
307052 127
307168 126
307280 126
307392 124
307504 124
307616 124
307728 124
307840 120
307952 120
308072 120
308184 120
308296 120
308408 120
308520 120
308632 115
308744 113
308856 115
308968 113
309088 113
309200 112
309312 112
309424 112
309536 112
309648 112
309760 112
309872 112
309984 112
310104 110
310216 112
310328 108
310440 103
310552 103
310664 103
310776 103
310888 103
311004 103
311120 103
311232 103
311344 103
311456 103
311568 103
311684 103
311796 99
311908 99
312020 99
312136 99
312248 99
312364 99
312476 99
312588 99
312700 99
312812 97
312924 97
313036 97
313148 96
313264 96
313376 96
313488 96
313600 96
313712 96
313824 96
313936 96
314048 96
314160 96
314280 96
314392 96
314504 96
314616 96
314728 96
314840 92
314952 96
315064 94
315176 94
315296 92
315408 92
315520 92
315632 92
315744 92
315856 92
315968 92
316084 92
316196 92
316312 92
316424 92
316536 89
316648 88
316764 88
316876 88
316988 89
317100 88
317212 88
317328 88
317444 88
317556 88
317668 88
317780 88
317892 88
318004 88
318116 88
318228 88
318348 88
318460 88
318572 88
318684 88
318796 88
318908 88
319020 88
319132 88
319244 88
319364 88
319476 88
319588 88
319700 88
319812 88
319924 83
320036 88
320148 83
320264 83
320380 88
320492 83
320604 83
320716 83
320828 83
320944 83
321056 83
321168 83
321280 88
321396 83
321508 81
321624 81
321736 81
321848 81
321960 81
322072 81
322184 81
322296 81
322416 81
322528 81
322640 81
322752 79
322864 79
322976 79
323088 79
323200 79
323312 79
323432 79
323544 79
323656 79
323768 79
323880 79
323992 79
324104 79
324216 79
324328 79
324448 79
324560 79
324672 79
324784 79
324896 79
325008 79
325120 79
325232 79
325344 79
325464 79
325576 79
325688 79
325800 79
325912 79
326024 79
326136 79
326252 79
326364 79
326480 79
326592 79
326704 79
326816 79
326932 79
327044 79
327156 79
327268 79
327380 79
327496 79
327612 79
327724 79
327836 79
327948 79
328060 79
328172 79
328284 79
328396 79
328516 79
328628 79
328740 79
328852 79
328964 79
329076 79
329188 79
329300 79
329412 79
329532 79
329644 79
329756 79
329868 79
329980 79
330092 79
330204 79
330316 79
330428 79
330540 79
330660 79
330772 79
330884 79
330996 79
331108 79
331220 79
331332 79
331448 79
331560 79
331676 79
331788 79
331900 79
332012 79
332128 79
332240 79
332352 79
332464 79
332576 79
332692 79
332808 78
332920 78
333032 79
333144 79
333256 79
333368 79
333480 78
333592 79
333712 79
333824 78
333936 78
334048 79
334160 79
334272 78
334384 79
334496 78
334608 78
334728 78
334840 79
334952 96
335064 103
335176 120
335288 127
335400 143
335512 158
335624 167
335744 179
335856 192
335968 199
336080 216
336192 224
336304 231
336416 248
336528 255
336644 255
336760 280
336872 287
336984 295
337096 305
337208 316
337324 319
337436 334
337548 344
337660 352
337776 359
337888 368
338004 384
338116 385
338228 391
338340 399
338452 412
338564 415
338676 423
338796 432
338908 440
339020 448
339132 455
339244 463
339356 472
339468 476
339580 481
339692 487
339812 496
339924 504
340036 510
340148 515
340260 519
340372 527
340484 536
340596 540
340708 543
340828 551
340940 556
341052 560
341164 568
341276 574
341388 575
341500 575
341612 588
341724 591
341844 600
341956 604
342068 608
342180 609
342292 615
342404 624
342520 624
342632 632
342744 633
342860 639
342972 639
343084 639
343200 639
343312 655
343424 655
343536 664
343648 665
343760 671
343876 671
343992 671
344104 679
344216 684
344328 688
344440 689
344552 696
344664 696
344776 704
344896 704
345008 705
345120 711
345232 711
345344 716
345456 719
345568 719
345680 728
345792 728
345904 729
346024 736
346136 736
346248 737
346360 739
346472 743
346584 743
346696 748
346808 768
346920 768
347040 768
347152 768
347264 768
347376 768
347488 768
347600 768
347712 768
347824 768
347936 771
348056 775
348168 775
348280 775
348392 780
348504 782
348616 783
348728 783
348840 783
348952 792
349072 792
349184 792
349296 796
349408 796
349520 798
349632 799
349744 799
349856 799
349968 799
350088 803
350200 807
350312 807
350424 807
350536 812
350648 814
350760 816
350872 816
350984 816
351104 817
351216 817
351328 824
351440 824
351552 824
351664 824
351776 824
351892 828
352004 828
352120 830
352232 830
352344 831
352456 831
352568 831
352684 831
352796 831
352908 831
353020 831
353136 831
353248 831
353364 839
353476 839
353588 839
353700 844
353812 846
353924 846
354036 846
354156 846
354268 847
354380 847
354492 847
354604 847
354716 847
354828 847
354940 856
355052 856
355172 856
355284 856
355396 856
355508 856
355620 856
355732 857
355844 856
355956 860
356068 860
356188 860
356300 864
356412 864
356524 864
356636 864
356748 864
356860 864
356972 864
357084 864
357204 864
357316 864
357428 865
357540 865
357652 865
357764 865
357880 867
357992 867
358104 867
358220 867
358332 871
358444 871
358560 871
358672 871
358784 871
358896 871
359008 871
359120 871
359236 871
359352 871
359464 871
359576 876
359688 876
359800 876
359912 876
360024 876
360136 880
360256 876
360368 878
360480 880
360592 880
360704 880
360816 880
360928 880
361040 880
361152 880
361272 880
361384 880
361496 880
361608 880
361720 880
361832 880
361944 880
362056 880
362168 881
362288 881
362400 881
362512 881
362624 881
362736 881
362848 881
362960 888
363076 888
363188 888
363304 888
363416 888
363528 888
363640 888
363756 888
363868 888
363980 888
364092 888
364204 896
364316 888
364432 888
364544 896
364656 896
364768 896
364880 896
364992 896
365104 896
365216 896
365328 896
365448 896
365560 896
365672 896
365784 896
365896 896
366008 896
366120 896
366236 896
366348 896
366464 896
366576 896
366688 896
366800 896
366916 896
367028 896
367140 896
367252 896
367364 896
367480 896
367596 896
367708 896
367820 896
367932 896
368044 896
368156 896
368268 896
368380 896
368500 896
368612 896
368724 896
368836 896
368948 896
369060 896
369172 896
369284 896
369396 896
369516 896
369628 896
369740 896
369852 896
369964 896
370076 896
370188 896
370300 896
370412 896
370532 896
370644 896
370756 896
370868 896
370980 896
371092 896
371204 896
371316 896
371432 896
371548 896
371660 896
371772 896
371884 896
371996 896
372112 896
372224 896
372336 896
372448 896
372564 896
372676 896
372792 896
372904 896
373016 896
373128 896
373240 896
373352 896
373464 896
373584 896
373696 896
373808 896
373920 896
374032 896
374144 896
374256 896
374368 896
374480 896
374600 896
374712 896
374824 896
374936 896
375048 896
375160 896
375272 896
375384 896
375496 896
375616 896
375728 896
375840 896
375960 896
376076 896
376188 896
376300 896
376412 896
376524 896
376640 896
376752 896
376864 896
376976 896
377092 896
377204 896
377320 896
377432 896
377544 896
377656 896
377768 896
377880 896
377992 896
378112 896
378224 896
378336 896
378448 896
378560 896
378672 896
378784 896
378896 896
379008 896
379128 896
379240 896
379352 896
379464 896
379576 896
379688 896
379800 896
379912 896
380024 896
380144 896
380256 897
380368 896
380480 896
380592 896
380704 896
380816 896
380928 897
381040 896
381160 896
381272 896
381384 897
381496 896
381608 896
381720 897
381836 896
381948 897
382060 897
382176 897
382288 897
382400 896
382516 897
382628 896
382740 897
382852 897
382964 897
383076 897
383192 896
383308 876
383420 864
383532 847
383644 831
383756 824
383868 812
383980 799
384092 792
384204 780
384320 768
384432 768
384544 743
384656 736
384768 728
384880 711
384992 704
385104 696
385216 684
385336 671
385448 664
385560 655
385672 639
385784 638
385896 632
386008 620
386120 609
386236 604
386352 591
386464 583
386576 575
386688 572
386800 560
386916 551
387028 543
387140 540
387252 529
387368 524
387480 515
387596 510
387708 504
387820 496
387932 487
388044 481
388156 480
388268 472
388388 463
388500 455
388612 449
388724 448
388836 440
388948 432
389060 428
389172 423
389284 415
389404 412
389516 408
389628 399
389740 391
389852 391
389964 384
390076 384
390188 384
390300 369
390420 368
390532 359
390644 359
390756 352
390868 352
390980 344
391092 339
391204 335
391316 327
391436 327
391548 319
391660 319
391772 316
391884 312
391996 307
392112 304
392224 302
392336 295
392452 291
392564 287
392676 287
392792 284
392904 280
393016 280
393128 271
393240 271
393352 255
393468 255
393584 255
393696 255
393808 255
393920 254
394032 252
394144 248
394256 243
394368 240
394488 240
394600 236
394712 231
394824 231
394936 227
395048 225
395160 224
395272 224
395384 220
395504 216
395616 216
395728 211
395840 207
395952 207
396064 207
396176 204
396288 199
396400 199
396520 199
396632 195
396744 193
396856 192
396968 192
397080 192
397192 192
397308 188
397420 184
397536 184
397648 184
397760 177
397872 176
397988 176
398100 176
398212 174
398324 167
398436 167
398552 167
398668 167
398780 163
398892 159
399004 159
399116 159
399228 159
399340 159
399452 158
399564 156
399680 156
399792 152
399904 152
400016 152
400128 152
400240 147
400352 145
400464 143
400576 143
400696 143
400808 143
400920 142
401032 140
401144 135
401256 135
401368 135
401480 135
401596 135
401712 135
401824 127
401936 127
402048 127
402160 127
402272 127
402388 127
402500 127
402612 127
402728 127
402840 127
402952 126
403068 127
403180 124
403292 124
403404 124
403516 124
403628 120
403744 120
403860 120
403972 120
404084 120
404196 120
404308 120
404420 115
404532 115
404644 113
404764 113
404884 113
404996 112
405108 112
405228 112
405340 112
405452 112
405564 112
405676 112
405788 110
405900 110
406012 110
406124 108
406244 103
406356 103
406468 103
406580 103
406692 103
406804 103
406916 103
407028 103
407140 103
407260 103
407372 103
407484 103
407596 99
407708 103
407820 99
407932 99
408044 99
408156 99
408276 97
408388 97
408500 97
408612 97
408724 97
408836 97
408952 96
409064 96
409176 96
409292 96
409404 96
409516 96
409632 96
409744 96
409856 96
409968 96
410080 96
410192 96
410308 96
410424 96
410536 96
410648 96
410760 92
410872 94
410984 94
411096 92
411208 92
411328 92
411440 92
411552 92
411664 92
411776 92
411888 92
412000 92
412112 92
412224 88
412344 88
412456 92
412568 88
412680 88
412792 92
412904 88
413016 88
413128 88
413240 88
413360 88
413472 88
413584 88
413696 88
413808 88
413920 88
414032 88
414148 88
414260 88
414376 88
414488 88
414600 88
414712 88
414828 88
414940 88
415052 88
415164 88
415276 88
415392 88
415508 88
415620 88
415732 88
415844 88
415956 83
416068 88
416180 83
416292 83
416412 83
416524 83
416636 83
416748 83
416860 83
416972 83
417084 83
417196 83
417308 83
417428 79
417540 81
417652 81
417764 79
417876 81
417988 81
418100 81
418212 81
418324 83
418436 79
418556 79
418668 79
418780 79
418892 79
419004 79
419116 79
419228 79
419344 79
419456 79
419572 79
419684 79
419796 79
419908 81
420020 79
420132 79
420244 79
420356 79
420468 79
420588 79
420700 79
420812 79
420924 79
421036 79
421148 79
421264 79
421376 79
421488 79
421604 79
421716 79
421828 79
421944 79
422056 79
422168 79
422280 79
422392 79
422504 79
422620 79
422736 79
422848 79
422960 79
423072 79
423184 79
423296 79
423408 79
423520 79
423640 79
423752 79
423864 79
423976 79
424088 79
424200 79
424312 79
424424 79
424536 79
424656 79
424768 79
424880 79
424992 79
425104 79
425216 79
425328 79
425440 79
425552 79
425672 79
425784 79
425896 79
426008 79
426120 79
426232 79
426344 79
426460 79
426572 79
426688 79
426800 79
426912 79
427024 79
427140 79
427252 79
427364 79
427476 78
427588 78
427704 79
427820 79
427932 79
428044 79
428156 79
428268 78
428380 78
428492 79
428604 78
428724 79
428836 79
428948 78
429060 79
429172 78
429284 79
429396 79
429508 79
429620 78
429740 79
429852 79
429964 78
430076 78
430188 78
430300 78
430412 79
430524 79
430636 81
430756 96
430868 112
430980 124
431092 255
431204 143
431316 158
431428 167
431540 184
431652 192
431772 206
431884 216
431996 225
432108 240
432220 248
432332 255
432448 270
432560 280
432672 287
432788 295
432900 312
433012 318
433128 327
433240 335
433352 344
433464 353
433576 359
433688 369
433804 384
433916 385
434028 391
434140 399
434260 414
434372 415
434484 423
434596 433
434708 441
434820 448
434932 455
435048 463
435160 472
435276 480
435388 481
435500 492
435612 496
435728 504
435840 510
435952 513
436064 519
436176 527
436292 536
436408 540
436520 543
436632 551
436744 558
436856 560
436968 568
437080 574
437192 575
437304 575
437420 588
437532 591
437644 600
437756 604
437868 608
437980 611
438092 615
438204 622
438316 624
438436 632
438548 636
438660 639
438772 639
438884 639
438996 639
439108 655
439220 655
439336 664
439452 668
439564 671
439676 671
439788 671
439900 679
440012 684
440128 688
440240 689
440352 696
440468 696
440580 704
440692 704
440808 705
440920 711
441032 711
441144 716
441256 719
441368 719
441484 728
441600 728
441712 732
441824 736
441936 736
442048 736
442160 739
442272 743
442384 743
442504 748
442616 768
442728 768
442840 768
442952 768
443064 768
443176 768
443288 768
443400 768
443520 768
443632 769
443744 771
443856 775
443968 775
444080 775
444192 780
444304 783
444416 783
444536 783
444648 792
444760 792
444872 792
444984 792
445096 796
445208 796
445324 798
445436 799
445552 799
445664 799
445776 799
445888 803
446004 807
446116 807
446228 807
446340 812
446452 814
446568 816
446680 816
446796 816
446908 817
447020 817
447132 824
447244 824
447356 824
447468 824
447588 825
447700 828
447812 828
447924 830
448036 830
448148 831
448260 831
448372 831
448484 831
448604 831
448716 831
448828 839
448940 831
449052 839
449164 839
449276 839
449388 844
449500 844
449620 844
449732 844
449844 846
449956 847
450068 847
450180 847
450292 847
450404 847
450516 847
450636 856
450748 856
450860 856
450972 856
451084 856
451196 856
451312 856
451424 856
451536 856
451652 856
451764 860
451876 860
451992 860
452104 860
452216 864
452328 864
452440 864
452552 864
452664 864
452780 864
452892 864
453004 864
453116 864
453228 865
453340 865
453452 867
453564 867
453676 867
453796 867
453908 871
454020 867
454132 870
454244 871
454356 871
454472 871
454584 871
454696 871
454812 871
454924 871
455036 871
455152 871
455264 871
455376 876
455488 876
455600 876
455712 876
455828 880
455944 878
456056 878
456168 880
456280 878
456392 880
456504 880
456616 880
456728 880
456848 880
456960 880
457072 880
457184 880
457296 880
457408 880
457520 880
457632 880
457744 880
457864 880
457976 881
458088 881
458200 881
458312 881
458424 881
458536 881
458648 888
458760 888
458880 888
458992 888
459104 888
459216 888
459328 888
459440 888
459552 888
459668 888
459780 888
459896 888
460008 888
460120 888
460232 888
460348 896
460460 888
460572 896
460684 888
460796 896
460912 896
461028 896
461140 896
461252 896
461364 896
461476 896
461588 896
461700 896
461812 896
461932 896
462044 896
462156 896
462268 896
462380 896
462492 896
462604 896
