24 608
136 600
252 590
364 575
476 572
588 568
704 556
816 547
928 542
1040 536
1156 527
1268 519
1380 512
1492 508
1604 497
1720 492
1832 483
1948 480
2060 472
2172 463
2284 460
2396 455
2508 448
2620 448
2740 440
2852 432
2964 423
3076 415
3188 414
3300 409
3412 403
3524 399
3636 391
3756 387
3868 384
3980 384
4092 376
4204 384
4316 387
4428 396
4540 403
4652 412
4772 415
4884 428
4996 433
5108 448
5220 448
5332 455
5444 463
5556 472
5668 480
5788 483
5900 492
6012 497
6124 504
6236 511
6348 515
6464 519
6576 527
6688 536
6804 540
6916 543
7028 551
7144 558
7256 561
7368 568
7480 574
7592 575
7704 575
7820 590
7936 591
8048 600
8160 604
8272 608
8384 600
8496 591
8608 583
8720 575
8840 568
8952 560
9064 551
9176 543
9288 536
9400 527
9512 519
9624 513
9736 508
9856 504
9968 496
10080 487
10192 480
10304 476
10416 472
10528 463
10640 455
10752 448
10864 448
10984 440
11096 432
11208 423
11320 419
11432 415
11544 412
11660 408
11772 399
11884 391
12000 387
12112 384
12224 384
12340 384
12452 384
12564 384
12676 391
12788 399
12900 408
13016 415
13132 423
13244 432
13356 440
13468 448
13580 455
13692 462
13804 467
13916 476
14036 481
14148 487
14260 496
14372 504
14484 508
14596 513
14708 519
14820 527
14932 536
15052 537
15164 543
15276 547
15388 556
15500 560
15612 568
15724 572
15836 575
15948 575
16068 583
16180 591
16292 600
16404 600
16516 608
16628 604
16740 591
16856 583
16968 575
17084 568
17196 560
17308 551
17420 543
17536 540
17648 531
17760 524
17872 515
17984 511
18100 504
18216 496
18328 487
18440 481
18552 480
18664 472
18776 463
18888 455
19000 451
19120 448
19232 440
19344 433
19456 430
19568 423
19680 415
19792 412
19904 408
20016 399
20136 396
20248 391
20360 385
20472 384
20584 384
20696 376
20808 384
20920 391
21032 399
21152 408
21264 415
21376 423
21488 432
21600 440
21712 448
21824 451
21936 455
22048 463
22168 472
22280 480
22392 487
22504 494
22616 497
22728 504
22844 512
22956 519
23068 526
23184 527
23296 536
23408 543
23524 543
23636 551
23748 560
23860 568
23972 572
24084 575
24200 575
24316 583
24428 591
24540 595
24652 600
24764 608
24876 608
24988 600
25100 590
25220 575
25332 574
25444 568
25556 558
25668 543
25780 542
25892 536
26004 527
26116 519
26228 512
26348 504
26460 497
26572 492
26684 483
26796 480
26908 472
27020 463
27132 460
27244 451
27364 448
27476 448
27588 440
27700 432
27812 423
27924 415
28036 415
28148 408
28260 403
28380 398
28492 391
28604 387
28716 384
28828 384
28944 376
29056 384
29168 387
29280 398
29396 408
29508 414
29624 419
29736 430
29848 435
29960 448
30076 449
30188 455
30300 463
30412 472
30524 480
30640 483
30752 492
30864 496
30976 504
31088 511
31200 515
31312 519
31424 527
31536 536
31656 540
31768 543
31880 551
31992 558
32104 561
32216 568
32328 574
32440 575
32556 583
32672 590
32784 591
32896 600
33008 604
33120 608
33236 600
33348 591
33460 575
33572 575
33688 568
33800 560
33916 551
34028 543
34140 536
34252 527
34364 519
34476 513
34588 508
34708 504
34820 496
34932 487
35044 480
35156 476
35268 467
35380 462
35492 455
35604 448
35724 448
35836 440
35948 432
36060 423
36172 419
36284 415
36396 412
36508 408
36620 399
36740 391
36852 387
36964 384
37076 384
37188 384
37300 384
37412 385
37524 391
37636 399
37756 412
37868 415
37980 423
38092 432
38204 440
38316 448
38432 455
38544 463
38656 472
38772 476
38884 481
38996 487
39112 496
39224 504
39336 508
39448 513
39560 519
39672 527
39788 536
39904 540
40016 543
40128 551
40240 556
40352 560
40464 568
40576 572
40688 575
40808 583
40920 583
41032 591
41144 600
41256 604
41368 608
41480 600
41592 591
41704 583
41824 575
41936 568
42048 560
42160 551
42272 543
42384 540
42496 527
42608 524
42720 515
42840 510
42952 504
43064 496
43176 487
43288 481
43400 480
43512 472
43624 463
43740 455
43856 449
43968 448
44080 440
44192 433
44304 428
44420 423
44532 415
44644 412
44756 408
44872 399
44984 391
45100 391
45212 385
45324 384
45436 384
45548 384
45660 384
45772 391
45884 399
46000 408
46112 415
46224 423
46336 432
46448 440
46560 448
46672 451
46784 460
46896 463
47016 472
47128 480
47240 487
47352 496
47464 504
47576 508
47688 512
47800 519
47912 526
48032 527
48144 536
48256 543
48368 547
48480 551
48592 560
48704 568
48820 572
48932 575
49048 575
49160 583
49272 591
49384 595
49500 600
49612 608
49724 608
49836 600
49948 588
50064 575
50180 572
50292 568
50404 556
50516 543
50628 540
50740 536
50852 527
50964 519
51084 511
51196 504
51308 497
51420 492
51532 483
51644 480
51756 472
51868 463
51980 455
52100 451
52212 448
52324 440
52436 435
52548 432
52660 423
52772 415
52884 414
52996 408
53116 399
53228 399
53340 391
53452 387
53564 384
53676 384
53788 376
53900 384
54016 387
54132 398
54244 408
54356 414
54468 419
54580 428
54696 435
54808 448
54920 449
55032 455
55148 463
55260 472
55376 480
55488 483
55600 492
55712 496
55824 504
55936 511
56048 515
56168 519
56280 527
56392 536
56504 542
56616 543
56728 551
56840 560
56952 561
57064 568
57184 574
57296 575
57408 583
57520 590
57632 591
57744 600
57868 604
57980 608
58092 600
58204 591
58316 575
58428 575
58548 568
58660 560
58772 551
58884 543
58996 536
59108 527
59220 519
59332 513
59444 508
59564 499
59676 496
59788 487
59900 480
60012 473
60124 465
60236 462
60348 455
60460 448
60580 448
60692 440
60804 432
60916 423
61028 419
61140 415
61252 409
61364 408
61476 399
61596 391
61708 387
61820 384
61932 384
62044 376
62156 384
62268 385
62384 391
62496 403
62612 412
62724 415
62836 423
62948 433
63064 440
63176 448
63288 455
63400 463
63512 472
63628 480
63744 481
63856 487
63968 496
64080 504
64192 510
64304 513
64416 519
64528 527
64648 536
64760 540
64872 543
64984 551
65096 556
65208 560
65320 568
65432 572
65544 575
65664 575
65776 588
65888 591
66000 600
66112 604
66224 608
66336 600
66448 591
66560 583
66672 575
66792 568
66904 560
67016 551
67128 543
67240 540
67352 527
67464 524
67580 515
67692 510
67808 504
67920 496
68032 487
68144 481
68256 476
68368 472
68480 463
68592 455
68704 449
68824 448
68936 440
69048 433
69160 428
69272 423
69384 415
69496 412
69612 408
69724 399
69840 391
69952 391
70064 384
70176 384
70292 384
70404 384
70516 384
70628 391
70740 399
70856 408
70972 415
71084 423
71196 432
71308 440
71420 448
71532 451
71644 460
71756 465
71876 476
71988 480
72100 487
72212 496
72324 504
72436 508
72548 513
72660 519
72772 526
72892 529
73004 536
73116 543
73228 543
73340 551
73452 560
73564 568
73676 572
73788 575
73908 575
74020 583
74132 591
74244 595
74356 600
74468 608
74580 608
74692 595
74808 588
74924 575
75036 572
75148 561
75260 556
75372 543
75488 540
75600 536
75712 527
75824 519
75940 511
76052 504
76168 496
76280 487
76392 483
76504 480
76616 472
76728 463
76840 455
76960 451
77072 448
77184 440
77296 433
77408 432
77520 423
77632 415
77744 414
77856 408
77976 399
78088 398
78200 391
78312 385
78424 384
78536 384
78648 376
78760 384
78872 387
78992 398
79104 408
79216 414
79328 419
79440 430
79552 435
79664 448
79776 449
79888 455
80008 463
80120 472
80232 480
80344 483
80456 492
80568 497
80684 504
80796 511
80908 515
81024 524
81136 527
81248 536
81364 542
81476 543
81588 551
81700 558
81812 561
81924 568
82040 574
82156 575
82268 583
82380 590
82492 591
82604 600
82716 604
82828 608
82940 600
83052 591
83168 575
83280 574
83392 568
83504 560
83616 551
83728 543
83840 536
83952 527
84064 519
84184 513
84296 508
84408 504
84520 496
84632 487
84744 480
84856 476
84968 467
85084 462
85200 455
85312 448
85424 448
85536 440
85648 432
85764 423
85876 419
85988 415
86100 412
86216 403
86328 399
86444 391
86556 387
86668 384
86784 384
86896 376
87008 384
87120 385
87240 391
87352 399
87464 412
87576 415
87688 423
87800 432
87912 440
88024 448
88136 455
88256 463
88368 472
88480 480
88592 481
88704 487
88816 496
88928 504
89040 510
89152 513
89272 519
89384 527
89496 536
89608 540
89720 543
89832 551
89944 556
90060 560
90172 568
90288 572
90400 575
90512 575
90624 588
90740 591
90852 600
90964 604
91076 608
91188 600
91304 591
91420 583
91532 575
91644 568
91756 560
91868 551
91980 543
92092 537
92204 531
92324 519
92436 515
92548 510
92660 504
92772 496
92884 487
92996 481
93108 476
93220 472
93340 463
93452 455
93564 449
93676 448
93788 440
93900 432
94012 430
94124 423
94236 415
94356 412
94468 408
94580 399
94692 391
94804 391
94916 385
95028 384
95140 384
95256 384
95372 384
95484 391
95596 399
95708 408
95820 415
95936 423
96048 432
96160 440
96272 448
96388 451
96500 460
96616 467
96728 476
96840 480
96952 487
97064 496
97176 504
97288 508
97408 512
97520 519
97632 526
97744 531
97856 536
97968 543
98080 543
98192 551
98304 560
98424 568
98536 572
98648 575
98760 575
98872 583
98984 591
99096 600
99208 600
99320 608
99440 604
99552 593
99664 583
99776 575
99888 572
100000 561
100112 556
100224 543
100336 540
100456 531
100568 526
100680 519
100792 511
100904 504
101016 496
101132 487
101244 483
101356 480
101472 472
101584 463
101696 455
101812 451
101924 448
102036 440
102148 433
102260 432
102372 423
102484 415
102600 414
102712 408
102824 399
102936 398
103048 391
103160 385
103272 384
103384 384
103496 376
103616 384
103728 387
103840 399
103952 408
104064 414
104176 419
104292 430
104404 440
104516 448
104632 449
104744 455
104856 463
104972 472
105084 480
105196 483
105308 492
105420 497
105532 504
105648 511
105764 515
105876 524
105988 527
106100 536
106212 540
106324 543
106436 551
106548 560
106668 561
106780 568
106892 575
107004 575
107116 583
107228 590
107340 591
107452 600
107564 604
107684 608
107796 600
107908 590
108020 575
108132 574
108244 568
108356 560
108468 547
108580 543
108700 536
108812 527
108924 519
109036 512
109148 508
109260 499
109372 494
109488 487
109600 480
109716 476
109828 465
109940 462
110052 455
110164 448
110280 448
110392 440
110504 432
110616 423
110732 415
110844 415
110960 409
111072 403
111184 399
111296 391
111408 387
111520 384
111632 384
111752 376
111864 384
111976 387
112088 391
112200 399
112312 412
112424 415
112536 423
112648 432
112768 440
112880 448
112992 455
113104 463
113216 472
113328 480
113440 483
113552 487
113664 496
113784 504
113896 510
114008 515
114120 519
114232 527
114344 536
114456 540
114568 543
114680 551
114800 556
114912 560
115024 568
115136 572
115248 575
115360 575
115476 588
115588 591
115700 600
115812 600
115924 608
116036 600
116148 591
116260 583
116372 575
116484 568
116596 561
116712 551
116824 543
116936 540
117048 527
117160 524
117272 515
117384 510
117496 504
117608 496
117728 487
117840 481
117952 476
118064 472
118176 463
118288 455
118400 451
118512 448
118628 440
118744 432
118856 428
118968 423
119080 415
119192 412
119308 408
119420 399
119532 396
119644 391
119760 384
119872 384
119988 384
120100 376
120212 384
120324 391
120436 399
120548 408
120660 415
120780 423
120892 432
121004 440
121116 448
121228 451
121340 460
121452 463
121564 472
121676 480
121796 487
121908 496
122020 499
122132 508
122244 512
122356 519
122468 526
122580 529
122692 536
122812 543
122924 543
123036 551
123148 560
123260 568
123372 572
123484 575
123596 575
123708 583
123828 591
123940 595
124052 600
124164 608
124276 608
124388 600
124504 588
124616 575
124728 572
124844 568
124956 556
125068 543
125184 542
125296 536
125408 527
125520 519
125632 512
125744 504
125860 497
125976 492
126088 483
126200 480
126312 472
126424 463
126536 460
126648 451
126760 448
126880 440
126992 440
127104 432
127216 423
127328 415
127440 414
127552 408
127664 399
127776 398
127896 391
128008 387
128120 384
128232 384
128344 376
128456 384
128568 387
128680 399
128792 408
128912 414
129024 419
129136 428
129248 435
129360 448
129472 449
129584 455
129696 463
129812 472
129928 480
130040 483
130152 492
130264 496
130376 504
130492 511
130604 515
130716 519
130828 527
130944 536
131056 542
131172 543
131284 551
131396 560
131508 561
131620 568
131732 575
131844 575
131956 583
132072 590
132184 591
132296 600
132408 604
132520 608
132632 600
132744 591
132856 575
132968 575
133088 568
133200 560
133312 551
133424 543
133536 536
133648 527
133760 519
133872 513
133984 508
134104 504
134216 496
134328 487
134440 480
134552 476
134664 467
134776 462
134892 455
135004 448
135120 448
135232 440
135344 432
135456 423
135572 419
135684 415
135796 412
135908 408
136020 399
136136 391
136252 387
136364 384
136476 384
136588 384
136700 384
136812 384
136924 391
137036 399
137156 412
137268 415
137380 423
137492 432
137604 440
137716 448
137828 455
137940 462
138052 472
138172 480
138284 481
138396 487
138508 496
138620 504
138732 510
138844 513
138956 519
139068 527
139188 536
139300 537
139412 543
139524 547
139636 551
139748 560
139860 568
139972 572
140088 575
140204 575
140316 583
140428 591
140540 600
140652 600
140768 608
140880 600
140992 591
141104 583
141220 575
141332 572
141448 560
141560 551
141672 543
141784 540
141896 527
142008 524
142120 515
142240 510
142352 504
142464 496
142576 487
142688 481
142800 480
142912 472
143024 463
143136 455
143256 449
143368 448
143480 440
143592 433
143704 428
143816 423
143928 415
144040 412
144152 408
144272 399
144384 398
144496 391
144612 385
144724 384
144836 384
144948 376
145060 384
145180 391
145292 399
145404 408
145516 415
145628 423
145740 432
145852 440
145964 448
146076 451
146196 455
146308 463
146420 472
146532 480
146644 487
146756 496
146868 499
146980 508
147092 512
147212 519
147324 524
147436 527
147548 536
147660 543
147772 543
147884 551
147996 560
148112 568
148228 572
148340 575
148452 575
148564 583
148676 591
148792 593
148904 600
149016 608
149128 608
149244 600
149356 588
149472 575
149584 572
149696 568
149808 556
149920 543
150032 542
150144 536
150264 526
150376 519
150488 512
150600 504
150712 497
150824 492
150936 483
151048 480
151160 472
151280 463
151392 455
151504 451
151616 448
151728 444
151840 435
151952 432
152064 423
152176 415
152288 414
152408 408
152520 403
152632 399
152744 391
152856 387
152968 384
153080 384
153192 376
153304 384
153424 387
153536 398
153648 408
153760 414
153872 415
153984 428
154100 435
154212 448
154324 449
154440 455
154552 463
154664 472
154780 480
154892 483
155004 492
155116 496
155228 504
155340 511
155456 515
155572 524
155684 527
155796 536
155908 540
156020 543
156132 551
156244 560
156356 561
156476 568
156588 574
156700 575
156812 575
156924 588
157036 591
157148 600
157260 608
157372 608
157492 600
157604 591
157716 575
157828 575
157940 568
158052 560
158164 551
158276 543
158388 536
158508 527
158620 519
158732 513
158844 508
158956 504
159068 496
159180 487
159296 480
159408 476
159524 467
159636 462
159748 455
159860 448
159976 448
160088 440
160200 432
160312 423
160424 419
160540 415
160656 412
160768 408
160880 399
160992 391
161104 387
161216 384
161328 384
161440 376
161560 384
161672 385
161784 391
161896 399
162008 412
162120 415
162232 423
162344 432
162456 440
162576 448
162688 455
162800 463
162912 472
163024 476
163136 481
163248 487
163360 496
163472 504
163592 510
163704 513
163816 519
163928 527
164040 536
164152 540
164264 543
164376 547
164492 556
164608 560
164720 568
164832 574
164944 575
165056 575
165172 588
165284 591
165396 600
165508 600
165624 608
165736 601
165852 591
165964 583
166076 575
166188 572
166300 560
166412 551
166524 543
166644 540
166756 529
166868 524
166980 515
167092 511
167204 504
167316 496
167428 487
167540 481
167652 480
167772 472
167884 463
167996 455
168108 451
168220 448
168332 440
168444 433
168556 430
168668 423
168788 415
168900 412
169012 408
169124 399
169236 396
169348 391
169460 385
169572 384
169684 384
169804 376
169916 384
170028 391
170140 399
170252 408
170364 415
170476 423
170588 432
170700 440
170820 448
170932 451
171044 460
171156 463
171268 472
171380 480
171492 487
171608 496
171720 499
171836 508
171948 512
172060 519
172172 526
172288 529
172400 536
172512 543
172624 543
172736 551
172852 560
172968 568
173080 572
173192 575
173304 575
173416 583
173532 591
173644 591
173756 600
173872 608
173984 608
174096 600
174208 588
174324 575
174436 572
174548 563
174660 556
174776 543
174888 542
175000 536
175112 527
175224 519
175340 512
175452 504
175568 496
175680 492
175792 483
175904 480
176016 472
176128 463
176240 455
176360 451
176472 448
176584 440
176696 433
176808 432
176920 423
177032 415
177144 414
177256 408
177376 399
177488 399
177600 391
177712 387
177824 384
177936 384
178048 376
178160 384
178272 387
178392 398
178504 408
178616 414
178728 419
178840 428
178952 435
179064 448
179176 449
179288 455
179408 463
179520 472
179632 480
179744 483
179856 492
179968 496
180084 504
180196 511
180308 515
180424 524
180536 527
180648 536
180764 542
180876 543
180988 551
181100 558
181212 561
181324 568
181440 574
181556 575
181668 583
181780 590
181892 591
182004 600
182116 604
182228 608
182340 600
182460 591
182572 575
182684 575
182796 568
182908 560
183020 551
183132 543
183244 536
183356 527
183468 519
183588 513
183700 508
183812 499
183924 496
184036 487
184148 480
184260 476
184372 467
184484 462
184604 455
184716 448
184828 448
184940 440
185052 432
185164 423
185276 419
185392 415
185504 412
185620 403
185732 399
185844 391
185956 387
186072 384
186184 384
186296 384
186408 384
186520 384
186636 391
186752 399
186864 412
186976 415
187088 423
187200 432
187312 440
187424 448
187536 455
187656 463
187768 472
187880 480
187992 481
188104 487
188216 496
188328 504
188440 510
188552 513
188672 519
188784 527
188896 536
189008 540
189120 543
189232 547
189344 556
189456 560
189568 568
189688 572
189800 575
189912 575
190024 583
190136 591
190248 600
190360 600
190472 608
190588 601
190704 591
190816 583
190928 575
191040 568
191152 560
191268 551
191380 543
191492 540
191604 529
191720 524
191832 515
191948 510
192060 504
192172 496
192284 487
192396 481
192508 480
192620 472
192740 463
192852 455
192964 451
193076 448
193188 440
193300 433
193412 430
193524 423
193636 415
193756 412
193868 408
193980 399
194092 391
194204 391
194316 385
194428 384
194540 384
194652 376
194772 384
194884 391
194996 399
195108 408
195220 415
195332 423
195444 432
195556 440
195668 448
195788 451
195900 460
196012 465
196124 473
196236 480
196348 487
196464 496
196576 504
196688 508
196804 512
196916 519
197028 526
197144 527
197256 536
197368 543
197480 543
197592 551
197704 560
197820 568
197936 572
198048 575
198160 575
198272 583
198384 591
198496 595
198608 600
198720 608
198832 608
198952 600
199064 588
199176 575
199288 572
199400 568
199512 556
199624 543
199736 542
199848 536
199968 527
200080 519
200192 511
200304 505
200416 497
200528 492
200640 483
200752 480
200864 472
200984 463
201096 455
201208 451
201320 448
201432 440
201544 440
201660 432
201772 423
201884 415
202000 414
202112 408
202224 399
202340 398
202456 391
202568 387
202680 384
202792 384
202904 376
203016 384
203136 387
203248 398
203360 408
203472 414
203584 419
203696 428
203808 435
203920 448
204032 449
204152 455
204264 463
204376 472
204488 480
204600 483
204712 492
204828 496
204940 504
205052 511
205168 515
205280 524
205392 527
205508 536
205620 542
205732 543
205844 551
205956 560
206068 561
206184 568
206300 574
206412 575
206524 575
206636 590
206748 591
206860 600
206972 604
207084 608
207204 600
207316 591
207428 575
207540 575
207652 568
207764 560
207876 551
207988 543
208100 536
208220 527
208332 519
208444 513
208556 508
208668 504
208780 496
208892 487
209004 480
209116 472
209236 467
209348 462
209460 455
209572 448
209684 448
209796 440
209908 432
210024 423
210136 419
210248 415
210364 408
210476 408
210588 399
210704 391
210816 391
210928 384
211040 384
211152 376
211264 384
211380 385
211496 391
211608 399
211720 412
211832 415
211944 423
212056 432
212168 440
212280 448
212400 455
212512 463
212624 472
212736 480
212848 481
212960 487
213072 496
213184 504
213296 508
213416 513
213528 519
213640 527
213752 536
213864 540
213976 543
214088 547
214200 556
214312 561
214432 568
214544 574
214656 575
214768 575
214880 588
214992 591
215104 600
215220 604
215332 608
215448 604
215560 591
215672 583
215784 575
215900 568
216012 560
216124 551
216236 543
216348 540
216464 527
216580 524
216692 515
216804 510
216916 504
217028 496
217140 487
217252 481
217364 480
217484 472
217596 463
217708 455
217820 449
217932 448
218044 440
218156 433
218268 428
218380 423
218500 415
218612 412
218724 408
218836 399
218948 396
219060 391
219172 384
219284 384
219396 384
219516 384
219628 384
219740 391
219852 399
219964 408
220076 415
220188 423
220300 432
220416 440
220532 448
220644 451
220756 460
220868 465
220980 472
221096 480
221208 487
221320 496
221432 499
221548 508
221660 513
221776 519
221888 526
222000 527
222112 536
222224 543
222336 543
222448 551
222568 560
222680 568
222792 572
222904 575
223016 575
223128 583
223240 591
223352 591
223464 600
223584 608
223696 608
223808 595
223920 588
224032 575
224144 574
224256 568
224368 556
224480 547
224600 540
224712 536
224824 526
224936 519
225048 511
225160 504
225272 497
225384 492
225496 483
225612 480
225728 472
225840 463
225952 455
226064 451
226176 448
226292 441
226404 440
226516 432
226628 423
226744 415
226856 414
226968 408
227080 399
227192 398
227304 391
227416 387
227528 384
227640 384
227760 376
227872 384
227984 387
228096 398
228208 408
228320 414
228432 419
228544 428
228660 433
228776 448
228888 449
229000 455
229112 463
229224 472
229336 480
229452 483
229564 492
229676 496
229792 504
229904 511
230016 515
230132 519
230244 527
230356 536
230468 542
230580 543
230692 551
230808 560
230924 561
231036 568
231148 575
231260 575
231380 583
231492 590
231612 591
231724 600
231836 604
231948 608
232060 600
232172 590
232284 575
232396 574
232508 568
232628 560
232740 551
232852 543
232964 536
233076 527
233188 519
233300 512
233412 508
233524 504
233644 496
233756 487
233868 480
233980 472
234092 463
234204 462
234316 455
234428 448
234540 448
234660 440
234772 432
234884 423
234996 415
235108 415
235220 408
235332 408
235448 399
235560 391
235676 387
235788 384
235900 384
236012 376
236128 384
236240 387
236352 391
236464 399
236576 412
236692 415
236808 423
236920 433
237032 440
237144 448
237256 455
237368 463
237480 472
237592 480
237712 481
237824 487
237936 496
238048 504
238160 510
238272 515
238384 519
238496 527
238608 536
238728 540
238840 543
238952 551
239064 558
239176 560
239288 568
239400 572
239512 575
239624 575
239744 588
239856 591
239968 600
240080 604
240192 608
240304 600
240416 591
240528 583
240644 575
240760 568
240872 560
240984 551
241096 543
241208 540
241324 527
241436 519
241548 515
241660 510
241776 504
241888 496
242004 487
242116 481
242228 476
242340 472
242452 463
242564 455
242676 449
242796 448
242908 440
243020 433
243132 428
243244 423
243356 415
243468 412
243580 408
243692 399
243812 391
243924 391
244036 384
244148 384
244260 384
244372 384
244484 384
244596 391
244708 399
244828 408
244940 415
245052 423
245164 432
245276 440
245388 448
245500 451
245612 462
245724 465
245844 476
245956 480
246068 487
246180 496
246292 504
246404 508
246520 512
246632 519
246744 526
246860 531
246972 537
247084 543
247200 547
247312 551
247424 560
247536 568
247648 572
247760 575
247872 575
247988 583
248100 591
248212 595
248324 600
248436 608
248548 604
248660 595
248772 583
248884 575
249004 572
249116 561
249228 556
249340 543
249452 540
249564 536
249676 526
249792 519
249904 511
250020 504
250132 496
250244 487
250356 483
250472 480
250584 472
250696 463
250808 455
250920 451
251036 448
251152 440
251264 433
251376 432
251488 423
251600 415
251712 414
251824 408
251936 399
252056 398
252168 391
252280 387
252392 384
252504 384
252616 376
252728 384
252840 387
252952 398
253072 408
253184 414
253296 419
253408 432
253520 440
253632 448
253744 449
253856 455
253968 463
254088 472
254200 480
254312 483
254424 492
254536 497
254648 504
254760 511
254872 515
254988 524
255104 527
255216 536
255328 543
255440 543
255552 551
255668 560
255780 561
255892 568
256004 575
256120 575
256232 583
256348 590
256460 591
256572 600
256684 604
256796 608
256908 600
257020 591
257140 575
257252 574
257364 568
257476 560
257588 551
257700 543
257812 536
257924 527
258036 519
258156 512
258268 508
258380 504
258492 494
258604 487
258716 480
258828 473
258940 467
259052 462
259172 455
259284 448
259396 448
259508 440
259620 432
259732 423
259844 419
259956 415
260068 409
260188 403
260304 399
260416 391
260528 391
260644 384
260756 384
260872 376
260984 384
261096 385
261208 391
261320 399
261432 412
261544 415
261664 423
261776 432
261888 440
262000 448
262112 455
262224 463
262336 472
262448 480
262560 481
262680 487
262792 496
262904 504
263016 510
263128 513
263240 519
263352 527
263464 536
263576 540
263688 543
263808 551
263920 556
264032 560
264144 568
264256 572
264368 575
264480 575
264592 583
264708 591
264824 600
264936 604
265048 608
265160 600
265272 591
265384 583
265496 575
265608 568
265720 560
265840 551
265952 543
266064 540
266176 527
266288 524
266400 515
266512 510
266628 504
266740 496
266856 487
266968 481
267080 476
267192 472
267308 463
267420 455
267532 449
267644 448
267756 440
267872 432
267988 430
268100 423
268212 415
268324 412
268436 408
268548 399
268660 396
268772 391
268892 384
269004 384
269116 384
269228 384
269340 384
269452 391
269564 399
269676 408
269788 415
269908 423
270020 432
270132 440
270244 448
270356 451
270468 460
270580 463
270692 472
270804 480
270924 487
271036 496
271148 504
271260 508
271372 512
271484 519
271596 526
271708 529
271824 536
271940 543
272052 543
272164 551
272276 560
272388 568
272504 572
272616 575
272728 575
272840 583
272956 591
273068 595
273184 600
273296 608
273408 608
273520 600
273632 588
273744 575
273856 572
273976 563
274088 556
274200 543
274312 542
274424 536
274536 527
274648 519
274760 512
274872 504
274992 496
275104 492
275216 483
275328 480
275440 472
275552 463
275664 455
275776 451
275888 448
276008 440
276120 435
276232 432
276344 423
276456 415
276568 414
276680 408
276792 399
276904 398
277024 391
277136 385
277248 384
277360 384
277472 376
277584 384
277700 387
277812 398
277924 408
278040 414
278152 419
278264 432
278380 435
278492 448
278604 449
278716 455
278828 463
278940 472
279056 480
279172 483
279284 492
279396 497
279508 504
279620 511
279732 515
279844 524
279956 527
280068 536
280184 542
280296 543
280408 551
280520 560
280632 561
280744 568
280856 574
280968 575
281080 583
281200 590
281312 591
281424 600
281536 604
281648 608
281760 600
281872 591
281984 575
282100 575
282216 568
282328 560
282440 551
282552 543
282664 536
282776 527
282892 519
283004 513
283116 508
283232 504
283344 496
283456 487
283572 480
283684 473
283796 467
283908 462
284020 455
284132 448
284248 448
284364 440
284476 432
284588 423
284700 419
284812 415
284924 412
285036 408
285148 399
285268 391
285380 387
285492 384
285604 384
285716 384
285828 384
285940 385
286052 391
286164 399
286284 412
286396 415
286508 423
286620 432
286732 440
286844 448
286956 455
287068 463
287180 472
287300 476
287412 481
287524 487
287636 496
287748 504
287860 510
287972 513
288088 519
288200 527
288316 536
288428 540
288540 543
288652 551
288768 556
288880 560
288992 568
289104 572
289212 575
289324 575
289444 583
289556 591
289668 600
289780 600
289892 608
290004 600
290120 591
290232 583
290344 575
290460 568
290572 560
290684 551
290800 543
290912 540
291024 529
291136 524
291248 515
291360 510
291476 504
291592 496
291704 487
291816 481
291928 480
292040 472
292152 463
292264 455
292376 451
292496 448
292608 440
292720 432
292832 428
292944 423
293056 415
293168 412
293280 408
293392 399
293512 396
293624 391
293736 384
293848 384
293960 384
294072 376
294184 384
294296 391
294408 399
294528 408
294640 415
294752 423
294864 432
294976 440
295088 448
295200 451
295316 460
295428 463
295544 473
295656 480
295768 487
295880 496
295996 504
296108 508
296220 512
296332 519
296444 526
296560 529
296676 536
296788 543
296900 543
297012 551
297124 560
297236 568
297348 572
297460 575
297580 575
297692 583
297804 591
297916 595
298028 600
298140 608
298252 608
298364 600
298476 588
298596 575
298708 572
298820 568
298932 556
299044 543
299156 542
299268 536
299380 527
299492 519
299612 512
299724 504
299836 497
299948 492
300060 483
300172 480
300284 472
300396 463
300512 460
300628 451
300740 448
300852 448
300964 435
301076 432
301192 423
301304 415
301416 414
301528 408
301644 403
301756 398
301872 391
301984 387
302096 384
302208 384
302320 376
302432 384
302544 387
302664 398
302776 408
302888 414
303000 419
303112 430
303224 435
303336 448
303448 449
303560 455
303672 463
303792 472
303904 480
304016 483
304128 492
304240 497
304352 504
304464 511
304576 515
304688 519
304808 527
304920 536
305032 542
305144 543
305256 551
305368 558
305480 561
305592 568
305708 574
305824 575
305936 583
306048 590
306160 591
306272 600
306388 604
306500 608
306612 600
306724 591
306840 575
306952 575
307068 568
307180 560
307292 551
307404 543
307516 536
307628 527
307740 519
307860 512
307972 508
308084 504
308196 496
308308 487
308420 480
308532 476
308644 467
308756 462
308876 455
308988 448
309100 448
309212 440
309324 432
309436 428
309548 419
309660 415
309772 412
309892 408
310004 399
310116 391
310228 387
310340 384
310452 384
310564 376
310676 384
310788 385
310908 391
311020 399
311132 412
311244 415
311356 423
311468 432
311584 440
311696 448
311808 455
311924 463
312036 472
312148 476
312264 481
312376 487
312488 496
312600 504
312712 508
312824 513
312940 519
313056 527
313168 536
313280 540
313392 543
313504 551
313616 556
313728 560
313840 568
313960 572
314072 575
314184 575
314296 583
314408 591
314520 600
314632 604
314744 608
314856 604
314976 591
315088 583
315200 575
315312 568
315424 560
315536 551
315648 543
315760 540
315872 529
315992 524
316104 515
316216 510
316328 504
316440 496
316552 487
316664 481
316780 480
316892 472
317008 463
317120 455
317232 449
317344 448
317460 440
317572 433
317684 428
317796 423
317908 415
318024 412
318132 408
318248 399
318360 396
318472 391
318584 385
318696 384
318812 384
318924 384
319040 384
319152 391
319264 399
319376 408
319488 415
319600 423
319712 432
319832 440
319944 448
320056 451
320168 460
320280 463
320392 472
320504 480
320616 487
320728 496
320848 504
320960 508
321072 512
321184 519
321296 526
321408 527
321520 536
321632 543
321744 543
321864 551
321976 560
322088 568
322200 572
322312 575
322424 575
322536 583
322648 591
322760 591
322880 600
322992 608
323104 608
323216 595
323328 588
323440 575
323556 572
323668 568
323780 556
323896 543
324008 540
324120 536
324236 527
324348 519
324460 512
324572 504
324684 497
324796 492
324908 483
325024 480
325136 472
325248 463
325360 455
325472 451
325584 448
325696 441
325808 440
325920 432
326040 423
326152 415
326264 414
326376 408
326488 401
326600 399
326716 391
326828 387
326940 384
327056 384
327168 376
327280 384
327396 387
327508 398
327620 408
327732 412
327844 419
327956 428
328072 435
328188 448
328300 449
328412 455
328524 463
328636 472
328748 480
328860 483
328972 487
329092 497
329204 504
329316 511
329428 515
329540 519
329652 527
329764 536
329876 542
329988 543
330108 551
330220 560
330332 561
330444 568
330556 574
330668 575
330780 583
330892 590
331004 591
331124 600
331236 604
331348 608
331460 600
331572 591
331684 575
331796 575
331912 568
332024 560
332140 551
332252 543
332364 536
332476 527
332592 519
332704 513
332816 508
332928 504
333040 496
333156 487
333272 480
333384 476
333496 467
333608 463
333720 455
333832 448
333944 448
334056 440
334176 432
334288 423
334400 419
334512 415
334624 412
334736 408
334848 399
334960 391
335072 387
335192 384
335304 384
335416 384
335528 384
335640 384
335752 391
335864 399
335976 409
336088 415
336208 423
336320 432
336432 440
336544 448
336656 455
336768 462
336880 472
336992 476
337108 481
337224 487
337336 496
337448 504
337560 510
337672 513
337788 519
337900 527
338012 536
338124 540
338240 543
338352 547
338468 556
338580 560
338692 568
338804 572
338916 575
339028 575
339140 583
339260 591
339372 600
339484 601
339596 608
339708 604
339820 591
339932 583
340044 575
340156 568
340268 560
340388 551
340500 543
340612 540
340724 529
340836 524
340948 515
341060 511
341172 504
341284 496
341404 487
341516 481
341628 480
341740 472
341852 463
341964 455
342076 451
342188 448
342304 440
342420 433
342532 428
342644 423
342756 415
342868 412
342984 408
343096 399
343208 398
343320 391
343436 385
343548 384
343660 384
343776 376
343888 384
344000 391
344112 399
344224 408
344336 415
344452 423
344568 432
344680 440
344792 448
344904 451
345016 460
345128 463
345240 472
345352 480
345472 487
345584 496
345696 499
345808 508
345920 512
346032 519
346144 526
346256 527
346368 536
346488 543
346600 543
346712 551
346824 560
346936 568
