24 608
136 600
252 590
364 575
476 572
588 568
704 556
816 547
928 542
1040 536
1156 527
1268 519
1380 512
1492 508
1604 497
1720 492
1832 483
1948 480
2060 472
2172 463
2284 460
2396 455
2508 448
2620 448
2740 440
2852 432
2964 423
3076 415
3188 414
3300 409
3412 403
3524 399
3636 391
3756 387
3868 384
3980 384
4092 376
4204 384
4316 387
4428 396
4540 403
4652 412
4772 415
4884 428
4996 433
5108 448
5220 448
5332 455
5444 463
5556 472
5668 480
5788 483
5900 492
6012 497
6124 504
6236 511
6348 515
6464 519
6576 527
6688 536
6804 540
6916 543
7028 551
7144 558
7256 561
7368 568
7480 574
7592 575
7704 575
7820 590
7936 591
8048 600
8160 604
8272 608
8384 600
8496 591
8608 583
8720 575
8840 568
8952 560
9064 551
9176 543
9288 536
9400 527
9512 519
9624 513
9736 508
9856 504
9968 496
10080 487
10192 480
10304 476
10416 472
10528 463
10640 455
10752 448
10864 448
10984 440
11096 432
11208 423
11320 419
11432 415
11544 412
11660 408
11772 399
11884 391
12000 387
12112 384
12224 384
12340 384
12452 384
12564 384
12676 391
12788 399
12900 408
13016 415
13132 423
13244 432
13356 440
13468 448
13580 455
13692 462
13804 467
13916 476
14036 481
14148 487
14260 496
14372 504
14484 508
14596 513
14708 519
14820 527
14932 536
15052 537
15164 543
15276 547
15388 556
15500 560
15612 568
15724 572
15836 575
15948 575
16068 583
16180 591
16292 600
16404 600
16516 608
16628 604
16740 591
16856 583
16968 575
17084 568
17196 560
17308 551
17420 543
17536 540
17648 531
17760 524
17872 515
17984 511
18100 504
18216 496
18328 487
18440 481
18552 480
18664 472
18776 463
18888 455
19000 451
19120 448
19232 440
19344 433
19456 430
19568 423
19680 415
19792 412
19904 408
20016 399
20136 396
20248 391
20360 385
20472 384
20584 384
20696 376
20808 384
20920 391
21032 399
21152 408
21264 415
21376 423
21488 432
21600 440
21712 448
21824 451
21936 455
22048 463
22168 472
22280 480
22392 487
22504 494
22616 497
22728 504
22844 512
22956 519
23068 526
23184 527
23296 536
23408 543
23524 543
23636 551
23748 560
23860 568
23972 572
24084 575
24200 575
24316 583
24428 591
24540 595
24652 600
24764 608
24876 608
24988 600
25100 590
25220 575
25332 574
25444 568
25556 558
25668 543
25780 542
25892 536
26004 527
26116 519
26228 512
26348 504
26460 497
26572 492
26684 483
26796 480
26908 472
27020 463
27132 460
27244 451
27364 448
27476 448
27588 440
27700 432
27812 423
27924 415
28036 415
28148 408
28260 403
28380 398
28492 391
28604 387
28716 384
28828 384
28944 376
29056 384
29168 387
29280 398
29396 408
29508 414
29624 419
29736 430
29848 435
29960 448
30076 449
30188 455
30300 463
30412 472
30524 480
30640 483
30752 492
30864 496
30976 504
31088 511
31200 515
31312 519
31424 527
31536 536
31656 540
31768 543
31880 551
31992 558
32104 561
32216 568
32328 574
32440 575
32556 583
32672 590
32784 591
32896 600
33008 604
33120 608
33236 600
33348 591
33460 575
33572 575
33688 568
33800 560
33916 551
34028 543
34140 536
34252 527
34364 519
34476 513
34588 508
34708 504
34820 496
34932 487
35044 480
35156 476
35268 467
35380 462
35492 455
35604 448
35724 448
35836 440
35948 432
36060 423
36172 419
36284 415
36396 412
36508 408
36620 399
36740 391
36852 387
36964 384
37076 384
37188 384
37300 384
37412 385
37524 391
37636 399
37756 412
37868 415
37980 423
38092 432
38204 440
38316 448
38432 455
38544 463
38656 472
38772 476
38884 481
38996 487
39112 496
39224 504
39336 508
39448 513
39560 519
39672 527
39788 536
39904 540
40016 543
40128 551
40240 556
40352 560
40464 568
40576 572
40688 575
40808 583
40920 583
41032 591
41144 600
41256 604
41368 608