20 856
132 831
252 824
364 816
476 799
588 792
700 780
812 768
924 768
1036 743
1148 736
1268 728
1380 711
1492 704
1604 696
1716 686
1828 671
1940 664
2056 655
2168 639
2284 638
2396 632
2508 620
2620 609
2736 604
2848 591
2960 583
3072 575
3184 569
3300 561
3416 551
3528 543
3640 540
3752 531
3864 524
3976 519
4088 510
4200 504
4320 496
4432 487
4544 481
4656 480
4768 472
4880 463
4992 455
5104 449
5216 448
5336 440
5448 432
5560 428
5672 423
5784 415
5896 412
6008 408
6120 399
6232 396
6344 391
6464 384
6576 384
6688 384
6800 369
6912 368
7024 359
7136 355
7252 352
7364 352
7480 344
7592 339
7704 335
7816 327
7928 327
8040 319
8152 319
8264 316
8376 312
8496 312
8608 304
8720 304
8832 295
8944 295
9056 287
9172 287
9284 284
9396 280
9512 280
9624 271
9736 271
9852 255
9964 255
10076 255
10188 255
10300 255
10412 254
10528 252
10644 248
10756 248
10868 241
10980 240
11092 238
11204 231
11316 231
11428 227
11548 225
11660 224
11772 224
11884 220
11996 216
12108 216
12220 216
12332 209
12444 207
12564 207
12676 206
12788 199
12900 199
13012 199
13124 195
13236 193
13348 192
13460 192
13580 192
13692 192
13804 188
13916 184
14028 184
14140 184
14252 179
14368 176
14480 176
14596 176
14708 174
14820 167
14932 167
15048 167
15160 167
15272 163
15384 163
15496 159
15612 159
15724 159
15840 159
15952 158
16064 156
16176 156
16288 153
16400 152
16512 152
16632 152
16744 152
16856 147
16968 143
17080 143
17192 143
17304 143
17416 142
17528 142
17648 140
17760 135
17872 135
17984 135
18096 135
18208 135
18320 127
18432 127
18544 127
18664 127
18776 127
18888 127
19000 127
19112 127
19224 127
19336 127
19448 127
19560 126
19680 126
19792 127
19904 142
20016 152
20128 159
20240 176
20356 188
20468 199
20580 207
20696 224
20808 231
20920 241
21036 254
21148 255
21260 271
21372 284
21484 291
21596 304
21712 312
21828 319
21940 327
22052 339
22164 352
22276 355
22388 368
22500 376
22612 384
22724 391
22840 399
22952 408
23064 415
23176 423
23288 432
23400 440
23512 448
23624 451
23736 455
23856 465
23968 472
24080 480
24192 487
24304 494
24416 499
24528 508
24640 512
24756 519
24872 526
24984 531
25096 536
25208 542
25320 543
25436 551
25548 560
25660 568
25772 569
25888 575
26000 575
26116 583
26228 590
26340 593
26452 600
26564 608
26676 608
26788 611
26908 620
27020 624
27132 632
27244 632
27356 636
27468 639
27580 639
27692 639
27804 654
27924 655
28036 664
28148 664
28260 668
28372 671
28484 671
28596 679
28708 679
28820 688
28936 688
29056 696
29168 696
29280 704
29392 704
29504 704
29616 707
29728 711
29840 716
29952 718
30072 719
30184 723
30296 728
30408 728
30520 736
30632 736
30744 736
30856 737
30968 739
31088 743
31200 743
31312 752
31424 768
31536 768
31648 768
31764 768
31876 768
31988 768
32104 768
32216 768
32328 769
32444 769
32556 771
32668 775
32780 775
32892 775
33004 782
33120 783
33236 783
33348 783
33460 792
33572 792
33684 792
33796 792
33908 796
34020 798
34140 799
34252 799
34364 799
34476 799
34588 799
34700 803
34812 807
34924 807
35036 812
35156 812
35268 816
35380 816
35492 816
35604 816
35716 817
35828 824
35940 824
36052 824
36172 824
36284 824
36396 828
36508 828
36620 828
36732 830
36844 831
36960 831
37072 831
37188 831
37300 831
37412 831
37524 831
37640 831
37752 839
37864 839
37976 839
38088 839
38204 839
38320 844
38432 844
38544 846
38656 846
38768 847
38880 847
38992 847
39104 847
39224 847
39336 856
39448 856
39560 856
39672 856
39784 856
39896 847
40008 831
40120 824
40240 816
40352 799
40464 792
40576 775
40688 768
40800 768
40912 743
41024 736
41136 728
41248 711
41368 704
41480 696
41592 684
41704 671
41816 664
41928 655
42040 639
42156 638
42268 632
42384 620
42496 609
42608 601
42720 591
42832 583
42944 575
43056 569
43168 560
43280 551
43400 543
43512 540
43624 527
43736 524
43848 515
43960 510
44076 504
44188 496
44300 487
44416 481
44528 476
44640 472
44756 463
44868 455
44980 451
45092 448
45204 440
45316 432
45432 428
45548 419
45660 415
45772 412
45884 408
45996 399
46108 391
46220 391
46332 384
46452 384
46564 384
46676 369
46788 368
46900 359
47012 359
47124 352
47236 352
47348 344
47468 339
47580 335
47692 327
47804 327
47916 319
48028 319
48140 318
48252 312
48364 312
48484 304
48596 304
48708 295
48820 291
48932 287
49044 287
49156 284
49272 280
49384 280
49500 271
49612 271
49724 255
49836 255
49952 255
50064 255
50176 255
50288 254
50400 252
50516 248
50632 248
50744 241
50856 240
50968 238
51080 231
51192 231
51304 227
51416 225
51536 224
51648 224
51760 220
51872 217
51984 216
52096 216
52208 207
52320 207
52432 207
52552 206
52664 199
52776 199
52888 199
53000 195
53112 195
53224 192
53336 192
53448 192
53568 192
53680 184
53792 184
53904 184
54016 179
54128 177
54240 176
54352 176
54468 176
54584 172
54696 167
54808 167
54920 167
55032 167
55148 163
55260 163
55372 159
55484 159
55600 159
55712 159
55828 158
55940 156
56052 156
56164 152
56276 152
56388 152
56500 152
56620 152
56732 147
56844 143
56956 143
57068 143
57180 143
57292 142
57404 142
57516 140
57628 135
57748 135
57864 135
57976 135
58088 135
58200 135
58316 127
58428 127
58540 127
58652 127
58764 127
58880 127
58996 127
59108 127
59220 127
59332 127
59444 126
59556 126
59668 127
59780 135
59892 152
60012 163
60124 176
60236 192
60348 199
60460 207
60572 224
60684 231
60796 241
60908 254
61028 255
61140 271
61252 284
61364 291
61476 304
61588 312
61700 319
61812 327
61924 339
62044 352
62156 355
62268 368
62380 384
62492 384
62604 391
62716 399
62832 408
62944 415
63060 423
63172 432
63284 440
63396 448
63512 451
63624 460
63736 463
63848 472
63960 480
64076 487
64188 496
64304 504
64416 508
64528 512
64640 519
64752 526
64864 527
64976 536
65096 543
65208 547
65320 551
65432 560
65544 568
65656 572
65768 575
65880 575
65992 583
66112 591
66224 595
66336 600
66448 608
66560 608
66672 615
66784 615
66896 624
67008 632
67128 632
67240 638
67352 639
67464 639
67576 639
67688 654
67800 655
67912 664
68024 664
68144 668
68256 671
68368 671
68480 679
68592 679
68704 688
68820 689
68932 696
69044 696
69160 704
69272 704
69384 705
69500 707
69612 711
69724 711
69836 718
69948 719
70060 719
70176 728
70292 728
70404 732
70516 736
70628 736
70740 739
70852 739
70964 743
71076 748
71196 750
71308 768
71420 768
71532 768
71644 768
71756 768
71868 768
71980 768
72092 768
72212 768
72324 769
72436 771
72548 775
72660 775
72772 780
72884 782
72996 783
73108 783
73228 783
73340 792
73452 792
73564 792
73676 792
73788 796
73900 798
74016 799
74128 799
74244 799
74356 799
74468 799
74580 807
74696 807
74808 807
74920 807
75032 812
75144 816
75260 816
75376 816
75488 816
75600 817
75712 824
75824 824
75936 824
76048 824
76160 824
76272 824
76388 828
76500 828
76612 831
76724 831
76836 831
76948 831
77060 831
77172 831
77284 831
77404 831
77516 831
77628 831
77740 839
77852 839
77964 839
78076 844
78188 844
78304 844
78420 846
78532 846
78644 847
78756 847
78868 847
78980 847
79096 847
79208 856
79320 847
79436 856
79548 856
79660 856
79776 847
79888 831
80000 824
80112 812
80224 799
80336 792
80452 775
80568 768
80680 768
80792 743
80904 736
81016 728
81128 711
81240 704
81352 696
81472 684
81584 671
81696 664
81808 655
81920 639
82032 636
82144 632
82256 615
82368 608
82488 600
82600 591
82712 583
82824 575
82936 568
83048 560
83160 551
83272 543
83384 540
83504 527
83616 524
83728 515
83840 510
83952 504
84064 496
84176 487
84292 481
84404 476
84520 472
84632 463
84744 455
84856 449
84972 448
85084 440
85196 432
85308 428
85420 423
85536 415
85652 412
85764 408
85876 399
85988 391
86100 391
86212 384
86324 384
86436 384
86556 369
86668 368
86788 359
86900 355
87012 352
87124 348
87236 344
87348 339
87460 335
87572 327
87684 327
87804 319
87916 319
88028 316
88140 312
88252 307
88364 304
88476 302
88588 295
88700 295
88812 287
88932 287
89044 284
89156 280
89268 280
89380 271
89492 271
89604 255
89716 255
89828 255
89948 255
90060 255
90172 254
90284 252
90396 248
90508 248
90620 240
90732 240
90844 236
90964 231
91076 231
91188 227
91300 225
91412 224
91524 224
91636 220
91748 216
91864 216
91980 216
92092 207
92204 207
92316 207
92428 206
92540 199
92656 199
92768 199
92880 195
92996 195
93108 192
93220 192
93336 192
93448 192
93560 185
93672 184
93784 184
93896 184
94012 177
94128 177
94240 176
94352 176
94464 172
94576 167
94688 167
94800 167
94912 167
95032 163
95144 159
95256 159
95368 159
95480 159
95592 159
95704 158
95816 156
95928 156
96048 156
96160 152
96272 152
96384 152
96496 147
96608 147
96720 143
96832 143
96944 143
97064 143
97176 142
97288 142
97400 142
97512 135
97624 135
97736 135
97852 135
97964 135
98080 127
98192 127
98304 127
98416 127
98532 127
98644 127
98756 127
98868 127
98980 127
99096 127
99212 127
99324 126
99436 126
99548 127
99660 142
99772 152
99884 163
99996 177
100116 192
100228 199
100340 209
100452 224
100564 231
100676 241
100788 254
100900 255
101012 271
101132 284
101244 295
101356 304
101468 312
101580 319
101692 327
101804 344
101916 352
102028 359
102148 368
102260 384
102372 384
102484 391
102596 399
102708 408
102820 415
102932 423
103048 432
103164 440
103276 448
103388 451
103500 460
103612 465
103728 476
103840 480
103952 487
104064 496
104180 504
104292 508
104408 512
104520 519
104632 527
104744 529
104856 536
104968 543
105080 547
105192 551
105308 560
105420 568
105532 572
105644 575
105756 575
105868 583
105980 591
106092 600
106204 600
106324 608
106436 609
106548 615
106660 620
106772 624
106884 632
106996 633
107108 638
107220 639
107340 639
107452 639
107564 654
107676 655
107788 664
107900 664
108012 668
108128 671
108240 671
108356 679
108468 684
108580 688
108692 688
108808 696
108920 696
109032 704
109144 704
109256 704
109372 707
109488 711
109600 711
109712 718
109824 719
109936 719
110048 728
110160 728
110272 736
110392 736
110504 737
110616 739
110728 743
110840 743
110952 748
111064 752
111176 768
111288 768
111408 768
111520 768
111632 768
111744 768
111856 768
111968 768
112080 768
112192 769
112304 771
112424 775
112536 775
112648 780
112760 782
112872 783
112984 783
113096 783
113208 792
113324 792
113440 792
113552 796
113664 796
113776 798
113888 799
114004 799
114116 799
114228 799
114340 803
114456 807
114568 807
114684 807
114796 812
114908 812
115020 816
115132 816
115244 816
115356 816
115476 817
115588 824
115708 824
115828 824
115940 824
116052 828
116164 828
116276 828
116388 830
116500 830
116612 831
116724 831
116844 831
116956 831
117068 831
117180 831
117292 831
117404 831
117516 839
117628 839
117740 839
117860 839
117972 844
118084 844
118196 844
118308 846
118420 847
118532 847
118644 847
118756 847
118876 847
118988 847
119100 847
119212 856
119324 856
119436 856
119552 856
119664 847
119776 831
119892 824
120004 807
120116 799
120232 783
120344 775
120456 768
120568 768
120680 743
120792 732
120908 719
121024 711
121136 704
121248 689
121360 679
121472 671
121584 664
121696 654
121808 639
121920 636
122036 624
122148 615
122260 608
122372 600
122484 591
122596 583
122708 575
122820 568
122932 560
123052 551
123164 543
123276 536
123388 527
123500 519
123612 513
123724 508
123836 504
123952 496
124068 487
124180 480
124292 476
124404 472
124516 463
124632 455
124744 449
124856 448
124968 440
125084 432
125196 423
125312 419
125424 415
125536 412
125648 408
125760 399
125872 391
125984 387
126104 384
126216 384
126328 376
126440 369
126552 368
126664 359
126776 355
126888 352
127000 348
127120 344
127232 335
127344 335
127456 327
127568 327
127680 319
127792 319
127904 316
128016 312
128136 305
128248 304
128360 300
128472 295
128584 291
128696 287
128808 287
128920 284
129032 280
129152 275
129264 271
129376 270
129488 255
129600 255
129712 255
129824 255
129940 255
130052 254
130168 248
130280 248
130392 243
130504 240
130620 240
130732 236
130844 231
130956 231
131068 227
131184 225
131300 224
131412 224
131524 220
131636 216
131748 216
131860 211
131972 207
132084 207
132204 207
132316 204
132428 199
132540 199
132652 199
132764 195
132876 193
132988 192
133100 192
133220 192
133332 192
133444 184
133556 184
133668 184
133780 184
133892 177
134004 176
134116 176
134236 176
134348 174
134460 167
134572 167
134684 167
134796 167
134908 163
135020 163
135136 159
135252 159
135364 159
135476 159
135588 158
135700 156
135816 156
135928 152
136040 152
136152 152
136268 152
136380 147
136496 147
136608 147
136720 143
136832 143
136944 143
137056 143
137168 142
137280 135
137396 135
137508 135
137620 135
137732 135
137844 135
137956 127
138068 127
138180 127
138292 127
138412 127
138524 127
138636 127
138748 127
138860 127
138972 127
139084 127
139196 126
139308 126
139428 127
139540 143
139652 156
139764 167
139876 177
139988 192
140100 199
140216 211
140328 224
140444 231
140556 248
140668 255
140780 255
140896 275
141008 286
141120 295
141232 304
141344 316
141460 319
141576 334
141688 344
141800 352
141912 359
142024 368
142136 384
142248 384
142360 391
142480 399
142592 408
142704 415
142816 423
142928 432
143040 440
143152 448
143264 451
143376 462
143496 467
143608 476
143720 480
143832 487
143944 496
144056 504
144168 508
144280 512
144392 519
144512 527
144628 536
144740 540
144856 543
144972 551
145084 556
145196 561
145308 568
145420 572
145536 575
145648 575
145760 583
145872 591
145988 600
146100 601
146216 608
146328 611
146440 615
146552 620
146664 624
146776 632
146888 632
147008 638
147120 639
147232 639
147344 639
147456 655
147568 655
147680 664
147792 668
147904 670
148024 671
148136 671
148248 679
148360 684
148472 688
148584 689
148696 696
148808 696
148920 704
149040 704
149152 705
149264 707
149376 711
149488 716
149600 719
149712 719
149824 728
149936 728
150056 728
150168 736
150280 736
150392 737
150504 739
150616 743
150728 743
150844 748
150956 768
151072 768
151184 768
151296 768
151408 768
151524 768
151636 768
151748 768
151860 768
151972 769
152088 771
152204 771
152316 775
152428 780
152540 780
152652 782
152764 783
152876 783
152988 783
153100 792
153216 792
153328 792
153440 796
153552 796
153664 799
153776 799
153888 799
154000 799
154112 799
154232 799
154344 807
154456 807
154568 807
154680 812
154792 812
154904 816
155016 816
155132 816
155248 816
155360 817
155472 824
155584 824
155696 824
155808 824
155924 824
156036 828
156148 828
156264 828
156376 831
156488 831
156604 831
156716 831
156828 831
156940 831
157052 831
157164 831
157280 831
157396 839
157508 839
157620 839
157732 839
157844 839
157956 844
158068 846
158180 846
158300 846
158412 847
158524 847
158636 847
158748 847
158860 847
158972 847
159084 856
159196 856
159316 856
159428 856
159540 846
159652 831
159764 824
159876 807
159988 798
160100 783
160212 775
160332 768
160444 768
160556 743
160668 736
160780 719
160892 711
161004 704
161120 689
161232 679
161348 671
161460 664
161572 652
161684 639
161800 636
161912 624
162024 615
162136 608
162248 600
162364 591
162480 575
162592 575
162704 568
162816 560
162928 551
163040 543
163152 536
163264 527
163384 519
163496 513
163608 508
163720 504
163832 496
163944 487
164056 480
164168 476
164280 472
164400 462
164512 455
164624 448
164736 448
164848 440
164960 432
165072 423
165184 419
165296 415
165416 412
165528 408
165640 399
165752 391
165864 387
165976 384
166088 384
166200 384
166316 369
166432 368
166544 359
166656 355
166768 352
166880 348
166996 344
167108 335
167220 335
167332 327
167448 319
167560 319
167676 319
167788 316
167900 312
168012 305
168124 304
168236 300
168348 295
168460 287
168576 287
168688 287
168800 284
168912 280
169024 280
169136 271
169248 271
169360 255
169472 255
169592 255
169704 255
169816 255
169928 252
170040 248
170152 248
170264 243
170376 240
170488 240
170608 236
170720 231
170832 231
170944 227
171056 225
171168 224
171280 224
171396 220
171508 216
171624 216
171736 216
171848 207
171960 207
172076 207
172188 204
172300 199
172412 199
172524 199
172640 195
172756 193
172868 192
172980 192
173092 192
173204 192
173316 184
173428 184
173548 184
173660 179
173772 177
173884 176
173996 176
174116 176
174228 174
174340 167
174452 167
174564 167
174676 167
174788 163
174900 163
175012 159
175132 159
175244 159
175356 159
175468 159
175580 156
175692 156
175804 152
175916 152
176028 152
176140 152
176260 147
176372 145
176484 143
176596 143
176708 143
176820 143
176932 142
177044 142
177156 140
177276 135
177388 135
177500 135
177612 135
177724 135
177836 127
177948 127
178060 127
178172 127
178292 127
178404 127
178516 127
178628 127
178740 127
178852 127
178964 127
179076 126
179192 126
179308 127
179420 143
179532 156
179644 167
179756 177
179872 192
179984 199
180096 216
180208 224
180324 231
180436 248
180552 255
180664 255
180776 275
180888 286
181000 295
181112 304
181224 316
181344 319
181456 334
181568 344
181680 352
181792 359
181904 368
182016 384
182128 384
182240 391
182360 399
182472 412
182584 415
182696 423
182808 432
182920 440
183032 448
183144 451
183256 462
183376 472
183488 480
183600 481
183712 487
183824 496
183936 504
184048 508
184160 513
184272 519
184392 527
184504 536
184616 540
184728 543
184840 547
184952 556
185068 560
185180 568
185292 572
185408 575
185520 575
185632 583
185748 591
185860 600
185972 600
186084 608
186196 609
186308 615
186424 620
186540 624
186652 632
186764 632
186876 638
186988 639
187100 639
187212 639
187324 654
187444 655
187556 664
187668 668
187780 670
187892 671
188004 671
188116 679
188228 684
188340 688
188460 689
188572 696
188684 696
188796 704
188908 704
189020 705
189132 707
189244 711
189356 711
189476 719
189588 719
189700 728
189812 728
189924 729
190036 736
190148 736
190264 736
190376 739
190492 743
190604 743
190716 748
190828 768
190944 768
191056 768
191168 768
191280 768
191392 768
191508 768
191624 768
191736 768
191848 768
191960 771
192072 775
192184 775
192296 775
192408 780
192520 782
192636 783
192748 783
192860 783
192972 792
193084 792
193196 792
193308 796
193420 798
193532 798
193652 799
193764 799
193876 799
193988 799
194100 803
194212 807
194324 807
194436 807
194552 812
194668 814
194780 816
194892 816
195004 816
195116 817
195228 824
195344 824
195456 824
195568 824
195684 824
195796 824
195908 828
196024 828
196136 830
196248 831
196360 831
196472 831
196584 831
196700 831
196816 831
196928 831
197040 831
197152 831
197264 839
197376 839
197488 839
197600 844
197720 844
197832 844
197944 846
198056 846
198168 847
198280 847
198392 847
198504 847
198616 847
198736 847
198848 847
198960 856
199072 856
199184 856
199296 856