20 737
132 728
244 718
356 707
468 697
580 688
700 675
812 668
924 655
1036 639
1148 639
1260 632
1372 624
1484 615
1596 608
1708 600
1828 588
1940 575
2052 572
2164 568
2276 556
2388 547
2500 542
2616 536
2728 527
2844 519
2956 512
3068 504
3180 497
3292 494
3404 483
3516 480
3628 472
3740 463
3860 460
3972 451
4084 448
4196 441
4308 440
4420 432
4536 423
4648 415
4760 414
4876 408
4988 403
5100 399
5216 391
5328 387
5440 384
5552 384
5664 376
5776 368
5892 364
6008 359
6120 353
6232 352
6344 348
6456 344
6568 335
6680 334
6792 327
6912 319
7024 319
7136 318
7248 316
7360 312
7472 305
7584 304
7696 295
7808 295
7928 287
8040 287
8152 286
8264 284
8376 280
8488 275
8600 271
8712 271
8824 255
8944 255
9056 255
9168 255
9280 255
9392 252
9504 252
9616 248
9732 241
9844 240
9960 240
10072 248
10184 255
10296 271
10412 280
10524 287
10636 295
10748 312
10860 319
10976 327
11092 335
11204 345
11316 353
11428 364
11540 371
11652 384
11764 387
11876 396
11996 408
12108 412
12220 419
12332 428
12444 435
12556 448
12668 448
12780 455
12892 463
13012 472
13124 480
13236 483
13348 492
13460 496
13572 504
13684 511
13796 515
13908 519
14028 527
14140 536
14252 540
14364 543
14476 551
14588 558
14700 561
14812 568
14928 574
15044 575
15156 583
15268 590
15380 591
15492 600
15608 604
15720 608
15832 611
15944 615
16060 624
16172 624
16288 632
16400 636
16512 639
16624 639
16736 639
16848 652
16960 655
17080 655
17192 664
17304 668
17416 671
17528 671
17640 679
17752 679
17864 686
17976 688
18088 696
18208 696
18320 704
18432 704
18544 704
18656 705
18768 711
18880 711
18992 716
19104 719
19224 719
19336 728
19448 728
19560 732
19672 736
19784 736
19896 737
20008 739
20124 736
20240 728
20352 711
20464 704
20576 696
20688 684
20804 671
20916 664
21028 655
21140 639
21256 638
21368 632
21484 620
21596 609
21708 604
21820 591
21932 583
22044 575
22156 572
22276 560
22388 551
22500 543
22612 540
22724 529
22836 524
22948 515
23060 511
23172 504
23292 496
23404 487
23516 481
23628 480
23740 472
23852 463
23964 455
24076 451
24188 448
24308 440
24420 433
24532 428
24644 423
24756 415
24868 412
24980 408
25092 399
25204 396
25324 391
25436 385
25548 384
25660 384
25772 369
25884 368
26000 359
26112 355
26224 352
26340 352
26452 344
26564 339
26680 335
26792 327
26904 327
27016 319
27128 319
27240 316
27356 312
27472 312
27584 304
27696 304
27808 295
27920 295
28032 287
28144 287
28256 286
28376 280
28488 280
28600 271
28712 271
28824 270
28944 255
29056 255
29168 255
29280 255
29392 254
29504 252
29624 248
29736 248
29848 241
29960 240
30072 243
30184 255
30296 255
30408 271
30520 284
30640 295
30752 304
30864 312
30976 319
31088 327
31200 344
31312 352
31424 359
31536 368
31656 384
31768 384
31880 391
31992 399
32104 408
32216 415
32328 423
32444 432
32556 440
32668 448
32784 451
32896 460
33008 467
33124 476
33236 480
33348 487
33460 496
33572 504
33684 508
33800 513
33916 519
34028 526
34140 531
34252 536
34364 543
34476 547
34588 551
34700 560
34820 568
34932 572
35044 575
35156 575
35268 583
35380 591
35492 595
35604 600
35716 608
35836 609
35948 615
36060 620
36172 624
36284 632
36396 632
36508 638
36620 639
36732 639
36852 639
36964 654
37076 655
37188 664
37300 664
37412 668
37524 671
37636 671
37752 679
37868 684
37980 688
38092 688
38204 696
38316 696
38432 704
38544 704
38656 704
38768 707
38884 711
38996 711
39112 718
39224 719
39336 719
39448 728
39560 728
39672 732
39784 736
39904 736
40016 737
40128 739
40240 732
40352 719
40464 711
40576 704
40688 688
40800 679
40920 670
41032 664
41144 647
41256 639
41368 632
41480 624
41592 615
41704 608
41816 600
41936 590
42048 575
42160 574
42272 568
42384 560
42496 551
42608 543
42720 536
42832 527
42952 519
43064 512
43176 508
43288 497
43400 494
43512 487
43628 480
43740 472
43852 465
43968 462
44080 455
44192 448
44308 448
44420 440
44532 432
44644 423
44756 419
44868 415
44984 408
45100 403
45212 399
45324 391
45436 387
45548 384
45660 384
45772 376
45884 368
46004 366
46116 359
46228 355
46340 352
46452 348
46564 344
46676 337
46788 335
46900 327
47020 319
47132 319
47244 319
47356 316
47468 312
47580 307
47692 304
47804 302
47916 295
48028 291
48148 287
48260 287
48372 284
48484 280
48596 275
48708 271
48824 270
48936 255
49048 255
49164 255
49276 255
49388 255
49500 252
49612 252
49724 248
49836 243
49948 241
50060 240
50180 248
50292 255
50404 255
50516 280
50628 287
50740 295
50852 307
50964 318
51076 319
51196 335
51308 344
51420 352
51532 359
51644 369
51756 384
51868 385
51984 391
52096 399
52212 412
52324 415
52436 423
52548 433
52664 440
52776 448
52888 455
53000 463
53112 472
53228 480
53344 481
53456 487
53568 496
53680 504
53792 510
53904 513
54016 519
54128 527
54248 536
54360 540
54472 543
54584 551
54696 558
54808 561
54920 568
55032 574
55144 575
55264 583
55376 588
55488 591
55600 600
55712 604
55824 608
55936 611
56048 615
56160 622
56280 624
56392 632
56504 636
56616 639
56728 639
56840 639
56952 639
57064 655
57180 655
57296 664
57408 668
57520 671
57632 671
57744 675
57852 679
57964 684
58076 688
58188 689
58304 696
58420 704
58532 704
58644 704
58756 705
58868 707
58980 711
59096 716
59208 719
59320 719
59436 728
59548 728
59660 732
59776 736
59888 736
60000 736
60112 739
60224 736
60336 728
60452 716
60568 704
60680 696
60792 688
60904 671
61016 668
61128 655
61240 639
61352 639
61472 632
61584 622
61696 611
61808 604
61920 591
62032 583
62144 575
62256 572
62368 561
62488 556
62600 543
62712 540
62824 529
62936 526
63048 519
63160 511
63272 504
63384 496
63504 487
63616 483
63728 480
63840 472
63952 463
64064 455
64176 451
64292 448
64404 440
64520 433
64632 430
64744 423
64856 415
64972 414
65084 408
65196 399
65308 398
65420 391
65536 385
65652 384
65764 384
65876 371
65988 368
66100 359
66212 359
66324 353
66436 352
66556 344
66668 344
66780 335
66892 334
67004 327
67116 319
67228 319
67340 318
67452 312
67564 312
67684 304
67796 304
67908 295
68020 295
68132 287
68244 287
68356 286
68468 280
68580 280
68700 271
68812 271
68924 270
69036 255
69148 255
69260 255
69372 255
69488 255
69600 252
69716 248
69828 248
69940 241
70052 240
70168 240
70280 252
70392 255
70504 271
70616 284
70732 287
70848 304
70960 312
71072 319
71184 327
71296 335
71408 348
71520 355
71632 368
71752 376
71864 384
71976 391
72088 399
72200 408
72312 415
72424 419
72536 432
72648 440
72768 448
72880 451
72992 460
73104 463
73216 472
73328 480
73440 487
73552 492
73664 497
73784 508
73896 512
74008 519
74120 526
74232 527
74344 536
74456 542
74568 543
74684 551
74800 560
74912 568
75024 572
75136 575
75248 575
75364 583
75476 590
75588 591
75700 600
75816 608
75928 608
76044 615
76156 615
76268 624
76380 625
76492 632
76604 636
76716 639
76836 639
76948 639
77060 652
77172 655
77284 664
77396 664
77508 668
77620 671
77732 671
77852 679
77964 679
78076 688
78188 688
78300 696
78412 696
78524 704
78636 704
78748 704
78868 707
78980 711
79092 711
79204 718
79316 719
79428 719
79540 728
79652 728
79764 732
79884 736
79996 736
80108 739
80220 739
80332 736
80444 719
80560 711
80672 704
80784 696
80900 679
81012 671
81124 664
81240 654
81352 639
81464 636
81576 625
81688 615
81800 608
81916 600
82032 591
82144 583
82256 575
82368 568
82480 560
82592 551
82704 543
82816 536
82928 527
83048 519
83160 513
83272 508
83384 504
83496 496
83608 487
83720 480
83832 476
83944 467
84064 463
84176 455
84288 449
84400 448
84512 440
84624 432
84736 423
84848 419
84960 415
85080 412
85192 408
85304 399
85416 391
85528 387
85640 384
85756 384
85868 376
85980 369
86096 368
86208 359
86320 355
86432 352
86548 348
86660 344
86780 339
86892 335
87004 327
87116 327
87228 319
87340 319
87460 316
87572 312
87684 307
87796 304
87908 302
88020 295
88132 291
88244 287
88356 287
88476 284
88588 280
88700 280
88812 271
88924 271
89036 255
89148 255
89260 255
89372 255
89492 255
89604 254
89716 252
89828 248
89940 248
90052 241
90164 240
90276 248
90388 255
90508 255
90620 275
90732 287
90844 295
90956 304
91068 316
91180 319
91296 334
91408 344
91524 352
91636 359
91748 368
91860 384
91976 385
92088 391
92200 399
92312 408
92424 415
92540 423
92656 432
92768 440
92880 448
92992 455
93104 463
93216 472
93328 476
93440 481
93560 487
93672 496
93784 504
93896 508
94008 513
94120 519
94232 527
94344 536
94456 540
94576 543
94688 551
94800 556
94912 560
95024 568
95136 572
95248 575
95360 575
95472 583
95592 591
95704 600
95816 604
95928 608
96040 609
96152 615
96264 624
96376 624
96492 632
96608 632
96720 638
96832 639
96944 639
97056 639
97172 654
97284 655
97396 664
97508 664
97624 670
97736 671
97852 671
97964 679
98076 684
98188 688
98300 689
98412 696
98524 696
98636 704
98756 704
98868 705
98980 711
99092 711
99204 716
99316 719
99428 719
99540 728
99652 728
99772 728
99884 736
99996 736
100108 737
100220 739