24 540
144 527
256 519
368 515
480 510
592 504
704 496
816 487
928 481
1044 476
1160 472
1272 463
1384 455
1496 449
1608 448
1724 440
1836 448
1948 455
2060 463
2176 472
2288 480
2404 481
2516 487
2628 496
2740 504
2852 508
2964 513
3076 519
3196 527
3308 536
3420 540
3532 536
3644 527
3756 519
3868 512
3980 508
4092 497
4212 492
4324 487
4436 480
4548 472
4660 465
4772 462
4884 455
4996 448
5108 448
5228 448
5340 449
5452 455
5564 463
5676 472
5788 480
5900 483
6012 492
6124 497
6244 504
6356 512
6468 515
6580 526
6692 527
6804 536
6920 540
7032 529
7144 526
7260 515
7372 510
7484 504
7600 496
7712 487
7824 481
7936 480
8048 472
8160 463
8276 455
8392 451
8504 448
8616 440
8728 448
8840 455
8952 462
9064 472
9176 476
9288 481
9404 487
9516 496
9628 504
9740 510
9852 513
9964 519
10076 526
10188 531
10300 536
10420 536
10532 527
10644 519
10756 513
10868 508
10980 499
11092 496
11204 487
11320 480
11436 473
11548 467
11660 462
11772 455
11884 448
12000 448
12112 448
12224 449
12336 455
12452 463
12564 472
12680 480
12792 483
12904 492
13016 496
13128 504
13240 510
13352 515
13472 524
13584 527
13696 536
13808 540
13920 531
14032 526
14144 519
14256 511
14368 504
14488 496
14600 487
14712 483
14824 480
14936 472
15048 463
15160 455
15272 451
15384 448
15504 440
15616 448
15728 451
15840 462
15952 467
16064 476
16176 480
16288 487
16400 496
16520 504
16632 508
16744 512
16856 519
16968 526
17080 531
17196 536
17308 536